2.38607027250268
2.46291658424951
2.43160725378528
2.44688368094545
2.48296863836520
2.43363513897909
2.42963954185642
2.46219316138084
2.42324055791020
2.36069327936546
2.39263987820785
2.44516512579629
2.46533569948176
2.43885950228855
2.42163192708297
2.50639206278623
2.41004993017029
2.43875399212100
2.60368914510448
2.54352849281997
2.54038482577590
2.45726793067412
2.52153815543915
2.41501114964405
2.57522584091159
2.49492720231509
2.48741254324290
2.60311488345067
2.49382589166795
2.67461233271342
2.56895274279914
2.53014575889169
2.51739856726282
2.52736526945865
2.57881436744511
2.52604151824398
2.58186839817244
2.51319998988734
2.48466858286714
2.51746950900787
2.52072805571742
2.42889160278938
2.46909591299551
2.39163777015212
2.39531416246192
2.43453688421306
2.52307801842214
2.48377884103887
2.40018151533580
2.49512104108012
2.44417509786503
2.38159531751266
2.41474271577947
2.36409716119068
2.36227441838624
2.50123033775413
2.44488038885765
2.45255838954088
2.46134554502230
2.57001143491424
2.50358062105187
2.51887240265913
2.38911747745281
2.37649275256785
2.42189293198846
2.57400263690435
2.42362118670074
2.36521242383616
2.49925749852834
2.42275477303484
2.42715456973292
2.53144492166238
2.46718375749991
2.58424879869648
2.42983152151483
2.39822257514913
2.43364843649406
2.38679485125534
2.62777268755796
2.74415055395825
2.61486756153227
2.49584509599421
2.53336807585121
2.47760290640384
2.64503046049027
2.52542388141660
2.42770967872394
2.42531561564415
2.39575414684711
2.43528222809255
2.40709780365665
2.39063795562774
2.40858031004439
2.39229183775300
2.34981706575108
2.45328968831680
2.41927736220106
2.44966351467531
2.36139879465379
2.41583179971901
2.39892526885241
2.40408578886203
2.39631473683127
2.34183977142800
2.40627306697721
2.40298327694631
2.44575519096645
2.44068140340983
2.43940774129563
2.49334312450251
2.40563762958064
2.46094657807046
2.42398663790551
2.41484206101123
2.45645838413200
2.49851714447925
2.52253940191286
2.50727607412159
2.50838512632484
2.56907265846299
2.50869466292531
2.53878728041714
2.42925676759112
2.49121626896618
2.52547702310156
2.51908510261557
2.47159385557596
2.58516620746759
2.47702055934004
2.47546382979568
2.60835006427747
2.37192070571849
2.49250630163287
2.46205570686663
2.40499600837963
2.54579715134416
2.50439352509499
2.43222434785865
2.37599238121435
2.41821810133885
2.35655813696081
2.35222516306144
2.40372719517209
2.37242460709659
2.50475649370930
2.34578439154015
2.34050508040013
2.32724752307249
2.41492818099754
2.33792696938162
2.32209590003594
2.36947318521062
2.34654962631852
2.46314824021455
2.39697621005246
2.46135927900900
2.37323758289584
2.30201926457201
2.44709258022225
2.49399743461881
2.45825291439294
2.53059362430525
2.53680312962845
2.39760313469485
2.45197410449126
2.36893736686843
2.40635428995086
2.40301368392496
2.46483494046884
2.34583387805403
2.32035829664139
2.30999586630537
2.29516366094852
2.32248964936947
2.31232854355784
2.29187428450483
2.29086752217468
2.33505416244674
2.43742835749253
2.43386104305639
2.37789623738416
2.34773629336317
2.40543685673525
2.35688415745502
2.31617089566665
2.38968304810472
2.36814104897662
2.32506002058195
2.40344538458220
2.35198306771789
2.42281289799141
2.40022922808656
2.39853467522682
2.44047665982824
2.45218298934201
2.40505642261742
2.42551820999095
2.55341241807987
2.42418098463798
2.45509830693860
2.42252943310588
2.41175561215704
2.29246307796377
2.34468154736250
2.30174518504472
2.56414629788329
2.40287960888889
2.45500871824743
2.48863811851344
2.45062746534600
2.60974699666344
2.61483293136041
2.43863903287545
2.43075057023268
2.46984236986159
2.48329821895546
2.44391828085898
2.34070907229328
2.45851461751567
2.44752924785746
2.39483083110655
2.44856091474606
2.40028923818412
2.40575217346747
2.31947208838299
2.40910488003422
2.34005959602363
2.40563013180045
2.28811460470748
2.28435300970475
2.31347550302661
2.38799413652825
2.27147157922871
2.23457835644568
2.28570156273757
2.31302708632018
2.35464931294226
2.40878450645284
2.44357863084535
2.35890461129694
2.42132048441976
2.29598518542382
2.29276486075544
2.43211380660630
2.36308571992992
2.31451253326143
2.39471158529017
2.34852760184797
2.34627754123236
2.35210420203310
2.36322704250164
2.30762812263158
2.19357941145723
2.36704067524554
2.28146662419926
2.38456964632909
2.28625404446677
2.36405984989710
2.38405074626027
2.28975211811859
2.33508139255529
2.37581925455112
2.29521252725752
2.31242494449735
2.32498251120483
2.26209022320323
2.26830391839608
2.32892138129147
2.29397583427009
2.36856288882518
2.27782365618499
2.26754713439189
2.23810278413556
2.35111269144920
2.27618768466248
2.33867146626947
2.33988765215916
2.30700954613961
2.36107254295301
2.39347247372293
2.38305017108869
2.30178362817838
2.30362470335880
2.37727697557892
2.26918497488912
2.43031316349985
2.42827530190503
2.38014923165264
2.40428969477810
2.33329488489321
2.29103375189718
2.26460038682019
2.25060630954248
2.25643916787986
2.28309256191887
2.30420007092787
2.26018977421011
2.29303182905027
2.26019737583916
2.26763641416848
2.27282674219936
2.24464436088078
2.24324843961223
2.24658134497217
2.30606699865926
2.24679826039848
2.29948440481027
2.35848580454271
2.27843542576767
2.31050571129979
2.27318444753825
2.32865931165253
2.35715743160245
2.21320993913023
2.29286886756832
2.28988696734238
2.29052755486031
2.24521505708889
2.34315778212645
2.29282131956761
2.21844506176624
2.27437549919965
2.24294702558283
2.29601017067004
2.18181587979570
2.27703508764402
2.24594501967754
2.22342631895837
2.26726806707843
2.22596647394878
2.27900011891291
2.30821359823039
2.26919361674226
2.33664931129480
2.23590157923900
2.27495990384578
2.26324669632199
2.25322418729800
2.29007448220675
2.19337586732274
2.17735047653675
2.22758975684575
2.25897022202922
2.23240006251053
2.22383947854750
2.25995230383664
2.21240446841729
2.30195109542312
2.34372924303448
2.27169142471335
2.34820290534987
2.35331976184704
2.28708593796875
2.29669252956503
2.36285911632529
2.39167794873393
2.23285761643125
2.26856553095844
2.24382422992828
2.23589485375147
2.38939141769543
2.21461614118124
2.26181393786710
2.29977609023679
2.23775735166764
2.25914827819154
2.22655282080186
2.21797684203650
2.24707090304773
2.20959747386888
2.21091173786578
2.16081563931617
2.23939762319468
2.28038925405843
2.55215368301524
2.77583898509488
2.69639537620982
2.64413064860373
2.60725120537354
2.61751307994959
2.49665776584125
2.39137980142853
2.51617648570435
2.43348903758706
2.37413468145494
2.31103893091398
2.17476478201216
2.27332008083143
2.33330107907371
2.26195102924439
2.16854082500660
2.22722169105448
2.27392679774655
2.33820923510281
2.21738552350930
2.26055692520246
2.18393700850927
2.27636764418228
2.27092392557510
2.24361426277652
2.20837170355540
2.27862852819736
2.29612212488905
2.23469863162278
2.21089111072410
2.30145373329234
2.29706872526973
2.19003535687034
2.14512383492270
2.13064394274517
2.19672693253968
2.10506094936056
2.10306022716284
2.11480452658524
2.17010807144947
2.16946486900266
2.11084904880782
2.14657056029845
2.15058826900822
2.16904735181648
2.18343581181295
2.23698064380595
2.17692187706138
2.28496887522684
2.28898791441081
2.17374291720174
2.21576718606317
2.17146211963146
2.20581248866692
2.16905557767268
2.20932526445763
2.22669132745144
2.12755638501398
2.16296943858629
2.25844480710545
2.34021387860876
2.22243356633820
2.20316401798417
2.17256169325857
2.19904959336062
2.23549662772207
2.23075064431649
2.12696858948355
2.17452553488863
2.26201035953112
2.21151755764168
2.28898015618342
2.24292857766283
2.22030193090392
2.25008448279293
2.28815079414604
2.21693796586276
2.18312453979539
2.19492957297498
2.21558855407452
2.19385702446918
2.24522947705776
2.24294962860667
2.20253996425443
2.17616520523884
2.20401294443592
2.20512102510785
2.17345756861133
2.13943795403077
2.11387563370368
2.15079628702601
2.40562602844082
2.29992218227260
2.30686949177175
2.26543677100664
2.20554164108699
2.18907176621613
2.22899369549291
2.16555719824877
2.20965833500232
2.23435662519407
2.21894084733674
2.25356481030060
2.29306856308889
2.26494111182261
2.30851980179240
2.26457437290773
2.25873676198588
2.17536981932425
2.23128289371621
2.19570279613334
2.18623435285056
2.16832895760708
2.19675541662694
2.25833897364057
2.17715869701958
2.20997908444520
2.22463590605279
2.29962653394157
2.30969450325377
2.33767571164130
2.27061354284514
2.20878258500342
2.22571275349009
2.17125893832923
2.22071920499561
2.17892966730292
2.21353001033814
2.25512850617670
2.23095555144071
2.28981803736370
2.33923714163261
2.17522413779810
2.20763678905596
2.14648192803162
2.28116676138268
2.19602158540140
2.19866768664790
2.25196704933284
2.25082640970808
2.25499922220696
2.34268214250154
2.38740843082282
2.32720908332921
2.18702773327466
2.26661172847021
2.27089382641464
2.30649782666212
2.23848063252314
2.35592835024149
2.45346904155905
2.16800234485345
2.16094935023370
2.22591677905651
2.32124004902230
2.30633648772254
2.33139124115826
2.22762720517550
2.29424591254580
2.28365752375201
2.30541863163323
2.24861133902657
2.11741077419491
2.12061184220428
2.17263258634532
2.06077382863746
2.20889915706075
2.05573396875067
2.26637430264516
2.24861283332179
2.17004186138036
2.13762426894963
2.19614605351595
2.11843476357017
2.12468929004970
2.09525917783536
2.08190139655737
2.20952971521066
2.20942349869173
2.15604815461450
2.05112745175623
2.12761996091043
2.12611604125045
2.12161935390421
2.18218166007664
2.10771584633500
2.12506919193951
2.13155906606108
2.08003418404050
2.09805766204427
2.13019964033295
2.07231242295262
2.06482587767704
2.10470388676762
2.10316917935032
2.10022391267391
2.15039027546798
2.09375526726356
2.12002910851927
2.17349558716534
2.10085179222350
2.15294417441376
2.18910259019144
2.10663501714452
2.12529453412219
2.09224412157540
2.17919215355341
2.11275510912681
2.11408043105204
2.13944302125978
2.19549141506164
2.07008262725028
2.16011563292669
2.21922769526484
2.16844073614104
2.15990209274303
2.12808015830782
2.13336386126860
2.09073565358561
2.08645781263809
2.21546100025577
2.19989385080700
2.39456527790640
2.24730669943891
2.19190429152429
2.21226224763295
2.27071803610054
2.16733392207113
2.14807145098969
2.13536797694652
2.26269923591901
2.19784978726047
2.13615628744834
2.07991492335610
2.21302433600392
2.23005975308909
2.11216943732278
2.19483576506363
2.11267188325808
2.13876616573625
2.15203306021383
2.12162877643364
2.12817970935199
2.12436265545804
2.12255631803651
2.16662895298087
2.16944696655857
2.10936690589725
2.12455551562337
2.19762844033912
2.16952280227460
2.16714432190260
2.18583590479161
2.12947795527170
2.20343225946091
2.12140461694138
2.23586746817480
2.10502313466448
2.10594331273733
2.11059158315966
2.29683961291493
2.13197464616090
2.17562080189041
2.11622729516343
2.07700213490799
2.13202715121605
2.12116408647050
2.15210959331603
2.16721226571613
2.26868270326514
2.20785449321245
2.17466127092841
2.25948630526801
2.31638007822508
2.30975077287867
2.30301667339627
2.30947779000216
2.39869610054860
2.25017743528982
2.24862073035913
2.43175052569237
2.36913708994179
2.21637669928158
2.15537850420382
2.18047645914543
2.21068575560267
2.15466335652751
2.21632940695651
2.14504070726717
2.12976512142411
2.12891130067189
2.21050228956593
2.11399688577626
2.10589779651068
2.06942611875118
2.11610461182550
2.03216811148326
2.18484492749073
2.14494931754802
2.17140364089231
2.21506785841396
2.15192070146471
2.14903344304316
2.14582276503344
2.12429938639596
2.17095719571379
2.17054782145217
2.13511277366185
2.08478760071056
2.11849864460824
2.22935906497413
2.11916913804288
2.12141884122908
2.13849942184246
2.28509355255977
2.16796296592222
2.20156214486879
2.13318552999112
2.11943687222041
2.15932812730452
2.16911334791888
2.15538111298402
2.13388636793872
2.14324411349088
2.19321869795797
2.16597345133929
2.12753496702645
2.06869402696235
2.12666424153550
2.08509090318561
2.17702882214589
2.17868945446533
2.15351490613857
2.17741188826334
2.17225915821194
2.21801509144469
2.19243505075834
2.11821771463058
2.21185742220602
2.26643307992638
2.27655943250908
2.10266483412679
2.16137618540001
2.10963675563943
2.23935016648154
2.16697180970018
2.18962271407969
2.22072016000993
2.24026131361168
2.22613254976093
2.23343740290875
2.19152167537701
2.19831712621794
2.23128478731434
2.10622576610650
2.08762683094004
2.08802561845733
2.15103445369091
2.18133738503468
2.17579505376365
2.17817499763093
2.11990632658813
2.22882029477731
2.13498557191249
2.10203018265073
2.13392351319142
2.11941123370333
2.19823503679669
2.23355659742114
2.28933058552994
2.16865768680732
2.18139653980844
2.13382183957187
2.12655382629520
2.15187495125686
2.16712090461067
2.13494364354696
2.14537352863880
2.26739899307097
2.16375832599400
2.11189463417546
2.09561955565498
2.14257605285694
2.09923481488186
2.11537464951168
2.18302553257320
2.20221823746091
2.13309787615882
2.23541785019127
2.18833299044241
2.37337956744708
2.11771649222675
2.18340502788434
2.21639186795064
2.37014122191040
2.22595379719318
2.18618117499162
2.22144372420513
2.14808541981131
2.23941834068095
2.27767927257390
2.05640108699215
2.09835530573804
2.16740214633961
2.21617172292044
2.16652787755083
2.37355968112755
2.25376720514343
2.21549291054997
2.40536980078155
2.23461008944986
2.16436682606228
2.30166097247611
2.20648000225798
2.18545483319580
2.16606245320862
2.13150093788912
2.17165534461754
2.09565501441033
2.20914811962506
2.20566122001169
2.31007964450222
2.24349083675294
2.42789622886242
2.29234354527248
2.35244418193578
2.25653293778249
2.26844314870525
2.29808249860299
2.26773255714057
2.21112331074077
2.25474723979531
2.38295487785047
2.29170037764070
2.26798623463040
2.23362538509567
2.27810433155162
2.26927003813244
2.31141370476647
2.19638241274680
2.19339839252988
2.11302289900569
2.16049249717109
2.09547332336221
2.20177272885463
2.18547490800587
2.16015607813615
2.21133689237580
2.21627032985071
2.09332132453550
2.27085811897874
2.07933834479768
2.14104627194493
2.21093541072512
2.19157889927236
2.25001096331575
2.23621952661381
2.26109237256396
2.23877950768687
2.23071583842357
2.23831000031215
2.30096152690716
2.23799791765787
2.32106106724939
2.18801928983892
2.23671569280702
2.21442383944910
2.25531193335671
2.18788364488460
2.32448989359476
2.05960373126414
2.04260196931986
2.27024146224289
2.11222456543069
2.13747811759684
2.13002763259576
2.11785479736502
2.09239459755284
2.05634758560528
2.23715080147760
2.15656384515347
2.18536843608938
2.24298327093296
2.25687845045833
2.34699966662986
2.25377476404197
2.21716393101905
2.10590913149767
2.23519656704296
2.25363438341843
2.19944990029266
2.38014049019746
2.25113294631209
2.16247686723880
2.21221242382508
2.22490414588788
2.13285818622226
2.12263472890245
2.24893779951960
2.19531880141295
2.08295197530323
2.24200535168432
2.08889789390738
2.11235421502300
2.15559714234077
2.08890890778568
2.10962198951827
2.24782103051396
2.16261131925004
2.32387371335686
2.27870420109096
2.21607555350034
2.33808952432111
2.24887283312730
2.19573631588438
2.15199375529129
2.11197530963781
2.13772376931883
2.23460210519293
2.28690176821626
2.11800272746785
2.13702123384679
2.17575649373641
2.09327725231635
2.08089544975020
2.06638641808228
2.08430188896252
2.11602800497453
2.00641394333164
2.03697734818486
2.10093238277484
2.12346245576512
2.16053539725669
2.05171295627440
2.05758431560752
2.15899667579680
2.09527215717779
2.17261706409580
2.20545742280328
2.20034135535497
2.16484565102741
2.13558954206593
2.07053209948537
2.16073765116719
2.14889309711108
2.14095891866649
2.07140168442890
1.97978059092247
2.08947454600679
2.04328363977629
2.09611501008297
2.10629179226881
2.03922170867547
2.07823911200142
2.04563296794682
2.13447993813183
2.10832545252735
2.09684330355978
2.19425956895713
2.11850253601104
2.09516930357884
2.09082535051727
2.07023620436834
2.02098796384016
2.06138037818710
2.06291507815387
2.06319562238335
2.12010598476726
2.10319336021033
2.11852376912561
2.11625292101948
2.06393999028455
2.02089636751064
2.13267973084161
2.02816966290580
2.18007196670679
2.08697982812481
2.07728757435430
2.01172801386657
2.08061086939988
1.98762873672718
2.15225004691616
2.15753528849435
2.06448327006793
2.09834771565352
2.19974188049325
2.32002704369215
2.28132636770424
2.27453010925530
2.12333783294111
2.22083122172577
2.18505350142984
2.11149531308567
2.24420706766335
2.14619849902116
2.24633682515949
2.11140189561619
2.01042941281319
2.11575877143760
2.02820000068954
2.02389049325798
2.14469755047471
2.21903690729256
2.14505135540205
2.11319127939143
2.23812290734204
2.21288137508893
2.13599219697841
2.15265806211562
2.11515676145419
2.10801188519239
2.18701154385296
2.39015101577192
2.17351371006869
2.08839952268101
2.27818389148048
2.46546444181746
2.40048852184918
2.35384897668165
2.55328996052424
2.55203440180137
2.47302491682598
2.56573578843412
2.34571846555069
2.33962694930140
2.35264943772906
2.09667867360932
2.31643604368511
2.36043188020343
2.30250789060708
2.35499190083674
2.43593978365879
2.11703553532487
2.17115496756282
2.30825325220371
2.23371438168332
2.18266989152845
2.11956082970665
2.20450346301502
2.27792347264771
2.30547400981265
2.38837083313016
2.09729017866630
2.19654289931926
2.15455697773480
2.19035936218124
2.16074075293571
2.13180372531094
2.06594092171617
2.01020718512341
1.98965863860709
2.05012215843808
2.11296141006033
2.17092664035917
2.07147474695533
2.02191853841747
1.99189583704854
2.04898103028885
2.14297710543051
2.05956569950311
2.10617748418855
2.18646320527625
2.26554697207624
2.13162341693652
2.13558946301973
2.15012585294998
2.19144981924504
2.15443810396121
2.17284280605605
2.21014249844306
2.16137331209902
2.20136580265709
2.21361004271744
2.12815646499974
2.05046453826231
2.04027476929179
2.09038737137309
1.98881110687655
2.21700168128077
2.03839090693254
2.08662500616577
2.16033571637361
2.08004071076277
2.16216525170897
2.11960812605300
2.17302510178418
2.09667742022270
2.12784352445141
2.05936907249811
2.07072651167130
2.13745255448055
2.09116592859516
2.01503449468269
2.06287196218150
2.03041713025669
2.06064124632568
2.03645427766471
2.13742351817538
1.98027189179659
2.07400083624195
1.93758492322581
2.15453568119290
2.11005321493407
2.15468720545276
2.11200187238008
2.05143581346028
2.03117911316538
2.04068495230594
2.05058555025769
1.92161370213988
1.99428659523472
2.02782718378924
2.07885991145329
2.06445937755059
2.06393885615302
1.96999446813141
2.00281975363557
1.96284320877907
2.01571753403228
1.99422935056871
2.05008855927808
2.07150045825877
2.17685858000611
2.19680044393094
2.15159105591624
2.27136593988160
2.31037076039465
2.18269421059147
2.08073307041004
2.10256477687588
2.08803677165949
2.07134572891832
2.10871553162396
2.02509841208188
2.05283395943866
2.03095704141420
2.05737512017091
2.10622550770566
2.04671859760174
1.99856212680081
2.01146751749165
2.07756424409152
2.07293771260750
2.13585482329245
2.04678302414521
2.07267344727806
2.06015085473028
2.13236355947810
2.06575040509433
2.04300498348254
2.18042254598961
2.04987525554021
2.15270831532040
2.05243828368295
2.11682494835474
2.10356182136477
2.08606098619931
2.07152205947563
2.14095415419627
1.94959759202857
2.03427437623660
2.21248289231999
1.96537534885842
2.02789449690924
1.94373741834258
2.18188059019279
2.09211443597589
2.09153604614156
2.10008155950489
2.17338499164429
2.15765285668412
2.13506858275962
2.11530757992555
2.14052679040697
2.09792971030067
2.04581762710320
2.07875953864317
2.05153623277040
2.09085020029433
2.22183968572840
2.07399672624430
2.08676807247395
2.00096785564048
2.12252035973368
2.12859511891164
2.14461436319461
2.08148228623790
2.12651494736357
2.10480263692642
2.29254560573956
2.11849251071121
2.22786156248215
2.00806091913169
2.08306736334549
2.06660248803535
2.09100680736716
2.08499861168901
2.06626358871682
2.05952812069723
2.15217617705026
2.12096136130044
2.14326796233260
2.08233480398053
2.15726201046155
2.15166990247248
2.10726736291448
2.13831214331473
2.05800545448260
2.01728312708239
2.11835671959040
2.09390173665198
2.09112580955055
2.24847684985749
2.20417719014581
2.07679230027055
2.09176453007573
1.97834544292223
2.06293678371207
2.12552704306775
2.09644395048059
2.31289966005494
2.21959192896330
2.20714190385007
2.10017660898155
2.11697378855076
2.16449026879495
2.17013705389994
2.14322320616751
2.05987786217999
2.15843110761931
2.11714761614329
2.24928189818365
2.11140854805384
2.07966612162099
2.15285942202896
2.10607673807950
2.22975608091073
2.06936333257360
2.12803621134390
2.06635497497922
2.07414768774920
2.14027337131354
2.10744529091493
2.07473591025025
2.12896510292235
2.12682530244712
2.13702648563159
2.22160933980788
2.15848312010471
2.23898412351619
2.17486675686176
2.19024649720421
2.10055739227245
2.14158663583032
2.06764300953880
2.08548867249814
2.14187659964140
2.15302179250138
2.10062878570180
2.03331639393784
2.07812585085248
2.07653644449208
2.07946894977861
2.02745104319250
2.16677828653120
2.03370783532385
2.10010062977088
1.98135632583266
2.06891575718280
1.99937851502312
2.10519945005866
2.09048610271431
2.10150675431267
2.09367511405539
2.10600470385209
1.95446792740800
2.03986862787001
2.03814388404858
1.96110778699948
1.98249411314442
1.99846559657462
1.99034721402273
2.03794297686266
1.99191442016219
2.08408190079027
2.06855953401877
1.99071251715237
2.04737239416478
2.03036062582455
2.19369946447993
1.98453074106664
2.13787790950746
2.03105297487611
1.98800467461023
2.07724408620794
2.02913693243719
2.03223989094406
1.93238596811879
2.06560413097144
1.97228539224542
1.95613857854847
2.17883247832059
2.05578308950236
2.06202204200129
1.94340464955241
1.99756603536918
2.02181658467247
2.09004223812436
2.36327355474228
2.11951565745503
2.01747892080559
2.02246705444338
2.08397407560077
1.99993553957707
1.95948552802491
2.08988307797799
1.95086664464932
1.89711507515239
1.99187726686120
1.96693934983942
1.94624148279954
2.20110157395212
1.98651262058606
2.00132599491855
2.06767860123796
1.98703549602895
1.99204006357318
2.04285678278872
1.98450740771445
2.15209168474255
2.07817591374921
2.08510935670156
2.10292522801045
2.18993416529523
2.12549569808360
2.24457943092292
2.12334265667032
2.04412970012147
2.18548472043931
2.05651472488821
2.03431455121158
2.14138787136732
2.17325131292786
2.06406192166619
2.09594795370175
2.03463764786568
2.07209537624664
2.08766291116324
2.10575854237669
2.11854928155402
2.05752987913573
1.99715494790331
2.19694978049936
2.17711740437404
2.09989370450460
2.04931062434407
2.02598930040148
2.03661649299666
2.02798649467406
2.03418013383237
1.95341239464989
1.95405330636322
1.98426286894541
1.99863150129657
2.02441164217021
2.13029175050217
1.99331486999795
1.94925877510749
2.11768872016650
2.05449315812650
2.16469549942672
2.15258323463575
2.06815820981490
2.02349690940728
2.01925608384509
1.92622592982864
2.01859864806248
1.96764773991321
1.97303594757840
1.99479601610003
1.95828577793233
1.97717754167325
1.98423208213449
2.00881842765493
2.04690071488836
2.15613109863264
2.05883178263249
1.95985080512335
2.10312237375739
1.98406948342016
1.94589900426929
2.03015281703647
2.22543294313411
2.05265149532362
2.06774507998195
1.98208617212980
1.93793441779955
1.90854108799039
1.95636307754787
2.06977149323575
2.01150904784569
2.10170736794418
2.21028347722843
2.02745541790849
1.99499434889569
2.22517751789799
1.93338224584627
1.99330879823018
1.89761754150518
2.00685157662092
2.13664757069781
2.10704783960676
2.09791963759258
1.91293055823996
1.89054789433223
2.01347598768308
1.99329923797670
1.96393168782181
2.12947141202168
1.97472175499075
2.05917893125644
1.98869037117020
2.01051796176193
2.01660382352162
2.04318732674774
1.99307483519639
2.01751959478337
2.19473670246298
2.01985660537804
2.13235080976141
2.12085472050831
2.24487169689383
2.16319005895404
2.05653220888576
2.12070907373598
2.08976437805606
1.98664950522747
2.04611840612214
1.97095019747053
2.05942300182557
2.03471753503820
2.08059074562650
2.03728484058942
2.04569231460834
2.09108905528189
2.16254295746200
2.01918578975284
1.99059225404478
2.12804515233852
2.09769532810162
2.07828408442640
2.16875877265854
2.09144199327141
2.07985781359700
2.12255826715343
2.13268747046592
2.04425280375012
2.09942438383460
2.08194177477248
2.07861093440346
2.12376550782784
2.19303384922490
2.05564060927581
2.05614105026836
2.07591928933949
2.11383323187070
2.17667330039724
2.05679281069651
1.94082153540557
2.02434590580403
2.02442998320266
2.13001625445877
2.05320693055113
2.16364521996111
2.16872374189748
2.14943648455814
2.05418484930122
2.15437563112436
2.13297475982113
2.07681214549559
2.12148958680512
2.10049310765555
2.10937498492706
2.03661156273159
2.00137278484244
1.99956567646292
1.99894510344959
1.95328408859135
2.00934074407913
1.98747688428829
1.93167587917727
2.16644019585362
1.95571531843012
1.96389927230409
1.95878125213543
2.00097872538650
1.95988323983296
2.01591939857968
2.10162954467516
2.00579812204134
2.04621084589602
2.04720412017456
1.92580281373451
1.92517284903132
2.12861863101068
2.02691873501961
2.01953723724752
2.09810905111592
2.15567736832312
2.05617842097471
2.06507853901451
2.06934155356588
2.08165883066709
2.03460319839112
2.10251340454834
2.09921679264375
2.14479901946502
2.13653930427242
2.13071768912370
2.06805883686430
1.95644156891390
2.04844413179930
2.14349865987969
2.11820502010665
2.08329267062199
2.16959872604306
2.02747911229272
2.10147235687183
2.03782154384623
2.03742249440053
2.09924247122508
2.10851491915778
2.04173421853765
2.13803824980760
1.99767229216374
2.01377453142545
2.07022060283250
1.96637996946153
2.04031430226214
2.22725674212993
2.06099172211670
1.98417955166832
2.09687549867233
2.02541169750262
2.11785187638947
2.01430830754872
2.07311315551910
2.16441533647005
1.95317573393344
2.08996695777529
2.04428874718096
2.05579576332965
2.03241065961894
2.16645974177616
2.19276268516627
2.18997842426381
1.99094339427778
2.01684093492740
2.22578454712768
2.14817251752201
2.24240444748150
2.20672904969088
2.28278040298367
2.59879198922631
2.52499795083440
2.60679122781677
2.60583696806439
2.41778898809095
2.30672353718259
2.14648041026714
2.10616341186538
2.10730206100435
2.11626232396094
2.16554169570312
2.05311975799616
2.06314228690829
2.05048467969221
2.02804303953750
2.06175796229639
2.12202151584656
2.11866437036378
2.01104147134016
2.04544067760866
2.03924063002699
2.07860723709472
1.99532569806726
2.01483975934858
2.06245469613392
2.06489067198760
1.99966207059757
2.01277425908120
2.01075323543854
2.03547218576324
1.99184424993396
2.02649383461374
2.00637505238615
1.99384982503428
2.04410993646205
2.03245069219732
2.08910525215637
2.13294565031933
2.14185259114780
2.11348857031088
2.12697536902283
2.09485449989516
2.23002373179847
2.10937157154922
2.14224121920540
2.06487637746026
2.02469809228923
1.98071348419664
2.00446179245854
1.99942294425019
2.02736568828614
1.93712140390720
1.95738069656539
1.92925628733570
1.94919311709068
1.91526814839638
2.00503880502491
1.83779240766912
2.02570057441897
2.07635139552770
1.98061668856634
2.04469366738007
2.00776663407715
2.07280940542901
2.01566693255289
1.99525061887960
2.05797232873657
2.08271134261097
2.15649724280775
2.02018514462241
2.12915158818323
2.03552783757628
2.07846612486458
2.02531973688354
2.19242736508422
2.01923894782525
2.08108029758351
1.96695893349665
1.92691510696493
1.99938779840856
2.04407929279462
1.97023634590306
2.10716299984988
1.98894983804875
2.14242171452104
2.05921310818504
1.96105236125069
1.92526033888922
1.96706987794342
2.01243626936771
1.98335754815916
1.89598874726782
2.10006368415952
2.00049068032220
2.10679487252580
2.02131287904499
2.14370672645429
2.15743095143329
2.11918697419351
2.32903220094856
2.06129862178361
2.00284124185383
2.12428812441170
1.98913834133090
2.00554805716393
2.13755820054010
2.01635309636152
2.10656149983960
2.14382599901674
2.00152064348510
2.00323181909541
2.16142741739864
2.03153585435825
2.02514344991820
2.28970541318162
2.03854128733501
1.95017153649567
1.98475031296269
2.17106052570331
2.09755322844212
1.97693054878503
1.93600443023056
1.92473137819454
1.87600326203266
2.00149320522192
2.06654942165269
1.97670498936288
2.03871038259620
1.95638498266518
1.93922391029123
1.90679955137782
2.01173682610940
1.97653185323395
1.92383499774590
2.00993116354956
2.06550280226098
1.98199517544917
2.14902692090031
2.01878778003668
1.95605208914114
2.04134455378153
1.98577513116817
1.98615480870391
2.08490423191152
1.95086376279178
2.13387266911650
2.08856456343412
2.10320002899272
2.11295917614247
2.04596081850476
2.17954604569065
2.02366613717719
2.02799308526516
2.03783713958867
2.02474041162075
1.98155991246763
1.96644157588437
1.99131777980284
1.94200284857067
1.98413605711957
1.98066504098961
2.08550665969221
2.03467292574940
2.00160510943121
1.97215380967006
2.14954872461416
2.04668540132587
2.03080587180488
1.98174249069004
2.02917927492467
1.99557735593767
2.04447827810022
2.01015394380101
2.11840531600376
2.05507179925642
2.14523774153276
2.07331586590821
2.15470960395917
2.04633500742830
2.05930772017757
2.10239534604314
2.14383867695848
2.03095397262921
2.09577651858409
2.07055942791569
2.04234153170696
2.11550333871519
2.22497193683868
2.14907059125452
2.23989144803434
2.27187347164985
2.27994633491053
2.19574120616412
2.09884795598277
2.07010290186417
2.09410720215235
2.13213911033327
2.08737745148764
2.03369461069428
1.98200586380177
2.07290978814098
1.92936573525084
1.88603560409837
2.09520222019776
2.03871933433459
2.00645651401531
2.20155916926772
2.02574655548601
2.03555361053044
2.04188680671021
1.90890773714234
2.11230230412991
1.94465967227964
2.05660321758249
2.01671149106194
1.89337675450176
2.07117311505855
1.97386994383882
2.01914568641371
2.00814636727418
2.10236576981812
2.09209858645771
2.06319533507439
1.92842444470002
2.21929736758175
2.15893750881692
2.08806567347381
2.06265119016404
2.04808827469608
2.09156197563192
1.99291681967841
2.05199961525458
2.03075911273312
2.05476197261418
2.02436018637768
2.07222870930378
1.96613314217618
1.91997885368970
2.05397402829625
1.94904097778211
1.94284269925765
1.97758468638601
2.02881267659309
1.95160484767904
2.06001346004074
2.06383583706160
2.03660937940100
2.05843832563841
1.98350926850780
2.02334621726994
1.95999391482540
2.06311679383441
2.04267484199184
2.01190435197080
2.01136681419261
1.95933183596641
2.15022071289252
2.00177651573132
2.02024971289514
2.03460355391952
2.15793097056483
2.10194454294135
1.99849295240409
2.24928800626118
2.21742975675365
2.13520595818525
1.96718990875143
2.06969604491351
2.06786645760092
2.16097533705366
2.18545103433952
2.55327259527591
2.31289511270945
2.40709071277976
2.28827090119536
2.29230214760616
2.38538122197880
2.38068223289967
2.13185188855936
2.13484945398722
2.05192905495712
2.17438326692541
2.04557096829701
1.99509097032136
2.09697824235720
2.12065934158736
2.18313113055363
2.06037697490383
2.09663093650294
2.02461018726155
2.12079855193254
1.97824920409987
2.01166207054826
2.03064698751420
2.09260639972384
2.10275088527824
2.06513628554138
2.13509595893341
2.14572338923240
2.15410976066083
2.13523199199425
2.15387524092585
2.11152379478566
2.23859860175109
2.04716314384352
2.19439430521825
2.06094308276701
2.07910600179835
1.99625386449473
2.13798196826207
2.20158935777950
2.10541331196054
1.97235157732037
2.06805702098703
1.97604180460761
2.09894969604070
2.11525563876091
2.01308088981644
2.08067622810645
2.10685526299592
2.09452880646709
2.06118193126727
2.05655333586800
2.12840890657425
2.10729917624446
2.11417987064840
2.12520515025540
1.98222173377086
2.19857060901220
2.07423176193434
1.99473616938061
2.07571018002807
2.11888508591019
2.11585792927304
2.03177472691321
2.05028699399127
2.00723216311733
2.03226978475128
2.01869165326835
2.11389916887360
2.01572255197770
1.98410483913921
2.01838224285564
2.09876839766953
2.04761178510679
2.02964402184792
2.10529582753703
2.13223134480937
2.03190544177314
2.14604629015730
2.20876843779292
2.07329892396541
2.10527677513577
2.19487847792290
2.16853014998564
2.17967482519568
2.20371031488961
2.17892897259988
2.19147637854054
2.15778980339175
2.12764733206916
2.11065730222704
2.16853173001332
2.07409504483000
2.19297259820163
2.32229223596974
2.07204410826545
1.96975681323376
1.97497700827542
1.93174462805720
1.95829096504652
1.98037715327591
1.97992614746016
2.12267256777437
2.04925133911897
2.08820874417969
1.99831862004256
2.18718115463780
2.02091086427640
1.95753163492297
1.99689202898202
1.96392026523954
2.09209074475410
2.02018250878698
2.00042168088302
2.02409833542803
2.02981650637871
2.05458715634209
1.97900522483936
2.00501185145862
2.00893189131340
2.06771305973138
1.91222057324813
2.02347868744099
1.94338477247344
2.10889072033688
2.06869721119678
1.98065770070327
2.01213566513942
2.14924643413415
2.09275265646689
2.05274376878535
1.98415216031696
1.99382998549780
2.00276964400784
2.08170321435560
2.06466966019376
2.04647965381547
2.00743657941898
2.12366486108331
2.08579314897053
2.08303667727110
2.09348095721760
2.12232404383309
2.14756055531622
2.08409673849694
1.97615141324244
2.13717934104250
2.07075292109635
2.27832739158301
2.13309560963223
2.11937765033283
2.08912861675459
2.01062004931633
2.05821432379436
2.04072850286457
2.08736604268713
2.09465448890152
2.07040425108589
2.10319592398152
2.16684210273570
2.18046723644244
2.14804196422058
2.13307165121537
2.17310616446743
2.23468578012735
2.13411422795334
1.99110134153899
2.04194228590633
2.09942979629309
2.14208341251744
1.89829600690932
2.10582250920905
2.06370169098413
2.06593502100030
2.02015003565643
2.03111484964049
2.10875525486974
2.04681155513829
2.04147498837800
2.04631895738205
1.97465965955107
1.99557097411131
2.08511417440386
2.02659383655972
2.11794002963900
2.00040295978206
1.98171917696275
2.02485636445586
1.93941123044666
1.96305962122041
2.06392456780169
1.97132902462082
2.01156063220446
1.97378375375251
2.12973159050880
2.02798415873906
2.08283940789805
2.04536847913457
2.04557506257020
2.00935810419743
2.01722914341625
2.10235614106515
2.12148707072831
1.97820350374898
2.04667029838859
2.17062220770529
2.02390770470369
2.24105219098340
2.06055017990206
1.99489677817478
2.17094333883353
2.09165914748005
2.05340995884703
1.94257869635403
1.90920691484099
2.02708179963697
2.13073751421242
2.11241618101715
1.98044402406222
2.04908424903574
2.08967728359965
2.01940316615426
1.97586506984282
2.07517025873872
2.09958870561988
2.12621086530928
2.06074823804427
2.03670217188111
2.05547586215885
2.08489897561343
2.02934506433834
2.04958000474672
2.01586210633643
2.07083516825860
2.17347540611606
1.95849953046375
2.02640900856592
2.03778559671700
2.08937255304601
2.07970794015987
2.00717688548042
1.91077100085047
2.04239574570235
2.14246244625660
2.05840120254924
1.93410504375761
2.01582456146053
1.98534221822006
2.10302015717846
1.98470908525883
1.96484262390169
2.02069408723444
1.99985660820842
2.08246404820366
1.99807951343789
2.01732388966781
1.97311731996602
2.01760582890784
2.10223477976037
2.10843826004569
2.00924640290387
2.00214251426051
2.04480531266591
2.06402977161889
2.08338235017294
2.02416977507594
2.00639021648710
2.02178602638576
1.96751104121729
2.01823460341222
2.12144107920237
2.06380918930918
1.99163111670316
2.08508352294042
2.19806434439341
2.12591742483014
2.12899376214808
2.19566744887169
2.08260763037741
2.09596804758417
2.20458613565990
2.13426769092500
2.18999711101413
2.07052471350339
2.10808710256588
2.10548556275131
2.20943060931295
2.23858164458055
2.18520882126239
2.19679528168837
2.18659927336673
2.23042901978397
2.14665298877544
2.19761869968731
2.13938295205566
2.11918996981156
2.07832382345233
2.12855574334081
2.07470876690680
2.17140941034075
1.97229222694125
2.02305559666201
2.02120672161096
2.12099631795194
2.22103103774372
2.06591459698806
2.19661694699773
2.12242378096876
2.18760145031888
2.01145634080242
2.08695217111514
2.10030788519615
2.11166178491363
2.15401433405293
2.17296541329379
2.05928819570530
2.07912388001128
2.07043416143899
2.03207604865160
2.08151251233041
2.17837830230509
2.12824940800402
2.15868960340378
2.08205733001834
2.02904043250216
2.17661074349521
2.12858558581004
2.20901227330763
2.14604174051727
2.06952779207102
2.17185721654836
2.16690253670932
2.23243239723049
2.09757505341002
2.04959974107233
2.06852185235850
2.05051820792421
2.16590003148874
2.19971137783124
2.13439662742568
2.07090744801023
2.17775324834885
2.06091303820313
2.08217177811582
2.07296348213375
2.18858579144697
2.12519842149205
2.15630466304732
2.08433651805979
2.08182543614876
2.04209575488268
2.05010722653011
2.19848355872315
2.11687533706513
2.07812390385563
2.05922195260391
2.11053627735825
2.14995433828598
2.08203211275462
2.22428689056411
2.18374767712000
2.07985767115247
2.17302793185735
2.18588347466780
2.15980091314051
2.14930855915623
2.09354665615697
2.21187294951377
2.24065586472074
2.14957296384013
2.15081073039037
2.19385094613569
2.18009945663474
2.11962640534935
2.25112906551108
2.16616821792957
2.18485092993576
2.17941194604766
2.20528888788924
2.11955604264999
2.09510438896509
2.12223221069660
2.10406215436303
2.19736762231010
2.21378048139641
2.09577584295979
2.14350650852242
2.04191133663952
2.22643986119507
2.17468571057229
2.17557373999839
2.20812856517727
2.16168736830976
2.09674223997043
2.18631255781818
2.17579338460546
2.17427564360353
2.17849012598540
2.06760674147125
2.20956215382272
2.22696230131435
2.11181197510781
2.06942823629624
2.15125503382529
2.07334737667136
2.27977922836384
2.16043042212130
2.17719041643076
2.20675749855727
2.17679381865028
2.17589892639397
2.15025758044521
2.08298468210048
2.20106429646744
2.23669715766576
2.17877018642525
2.19309663689675
2.22190214407551
2.18880472055116
2.23246683489490
2.21540911674786
2.20811271566939
2.09899292707080
2.10921260090882
2.12126294381314
2.14479589179119
2.19709343328858
2.17256611526649
2.15430097092337
2.10036900676234
2.25257061178713
2.20155861238557
2.03960016875529
2.02447716383364
2.20310059958669
2.19770649092438
2.11819480165256
2.14590176664860
2.11593948745344
2.14616767397337
2.16894333781590
2.06651455205837
2.09425309053481
2.29420220777683
2.14925062765570
2.06247672019112
2.25888433236363
2.15053099682166
2.11569657145278
2.11279397689311
2.07356203152801
2.26268815219927
2.11331452469768
2.12708433375593
2.11805978662064
2.19470375094430
2.14067429188927
2.12664107758119
2.08472082757117
2.03206696802107
2.18261309567296
2.20032806886429
2.05223681702955
2.14424711443544
2.12504323199927
2.12615403013808
2.01247751560037
2.13733763900779
2.14273885559595
2.20566633477643
2.08438596340272
2.07284010496615
2.17674215166722
2.10929708424302
2.16407835573306
2.15874569136452
2.18742254211870
2.25760781461657
2.24101300524445
2.05851352963012
2.17439105863791
2.24676134779860
2.19794360389286
2.12463975483948
2.13297419144894
2.12843410513525
2.15873051351993
2.07459648077014
2.18702493750229
2.18248302041676
2.06996939773108
2.10360638156175
2.12361709565247
2.24555590745619
2.13969857527551
2.03360032149460
2.03434711795220
2.05864288490927
2.14560670091961
2.06992631730371
2.22003378479762
2.04866569742344
2.06506883531185
2.14179541446786
2.16952656937340
2.02564666116529
2.12012099903218
2.11549123668886
2.09645685253437
2.03810915366302
2.00088732330160
2.12421486922676
2.16145328316244
2.13235872491362
2.14204297665382
2.10615927517380
2.25252648717628
2.21186349988670
2.06872879280652
2.11800152572922
2.13219967443951
2.23204698797977
2.23428420404620
2.15482218614293
2.24616622619315
2.15225914711430
2.13436764512245
2.27535700791801
2.11532781816638
2.13252477577884
2.14101430905781
2.05606894230510
2.25071621332699
2.19340106082256
2.26810402958117
2.21130102798468
2.15979000382235
2.14684543165976
2.21253560986629
2.13605009327446
2.16825856362919
2.25060922261071
2.11543152592046
2.15758118829662
2.15365950642525
2.10949475937746
2.13340417827852
2.14753670500180
2.11024977945541
2.17786317510621
2.13068999118039
2.06773627266654
2.23677448469301
2.16254087478950
2.11557321607795
2.12560024794904
2.03729722832582
2.15887565272633
2.20858960963728
2.16674273819981
2.17515490446397
2.16826156901113
2.09833849371685
2.07791210950321
2.14148464733859
2.18357659884453
2.20491459934579
2.10280753537249
2.14781485354052
2.02722874713860
2.07154442405117
2.07919433712949
2.16984233293282
2.09943775813576
2.16661292216846
2.13974996237195
2.19282321146933
2.18681156194821
2.16222539838728
2.15360725704504
2.17940365085340
2.18390577020701
2.18243257655491
2.17084325540890
2.07535152524428
2.14149019523482
2.13814102920543
2.18780803632354
2.09342522447236
2.06700235672638
2.09648964531420
2.09899198178775
2.04826344234831
2.13602584521231
2.09717734424883
1.99188667099558
2.07816360086715
2.07858684542717
1.98595417510528
2.14781189429041
2.22892916691057
2.16486851322731
2.29329689355124
2.18899027793099
2.37622522863797
2.32883256585469
2.20684308207100
2.22674827510438
2.32614616399155
2.34582365400706
2.22140455400620
2.18230080712351
2.11856800590734
2.20884495115244
2.28683450333779
2.18471880904675
2.16859580836559
2.14727982482155
2.21426849300175
2.15033433066338
2.10418848950552
2.03047033938540
2.00037892307659
2.14864724214190
2.11159755585170
2.07560875115979
2.11576504102583
2.01360466948956
2.05408030576369
2.06080601142306
2.03633044519651
2.00229271566311
2.03869257779458
2.05296501097957
2.01252412343682
2.15432475833404
2.06668316552455
2.02902902118097
2.20243439356844
2.18985424382378
2.05830320527539
2.05049709198839
2.11828941195639
2.08316993950480
2.11488143612476
2.03711983626444
2.20563201939260
2.08921958296270
2.15278692242278
1.98189221551382
2.11542544031828
2.07873416486116
2.06260172832817
2.09320336528513
2.08875876467064
2.18412514654149
2.25734906139764
2.33006414990010
2.17388256495094
2.09715181741823
2.05529399078665
2.23585472736175
2.12894988357033
2.37987479389960
2.18191587495714
2.10564251399101
2.17847178619042
2.04040559388823
2.05143695508275
2.32992726825181
2.02753609257751
1.98721168273900
1.98018631825726
2.06689962233321
2.04075783258183
2.07727225124810
2.07626512777632
2.08988989437831
2.06906473579323
2.11369420827148
2.08684179520859
2.10903341088864
2.06689679832626
2.08560118869213
2.08606389638823
2.04173939417852
2.03489923284652
2.05801685407321
2.20437039557006
2.02931085877793
2.06904501965894
2.01253571558642
2.13746466140244
1.99100473112187
2.11153484914277
2.06673481724864
2.00540057072822
2.01353477489646
2.02487634617765
1.95815762364757
2.01134787070838
2.00296187149325
1.97420773079660
2.06719257816359
2.08917571664725
2.19817428269278
2.11326759195564
2.14121388149980
2.21771238685083
2.09054962827934
2.12040237359073
2.10505830384398
2.15175684854666
2.00882488825031
2.03459799663837
1.94097478255854
2.08536169469012
1.97587677766865
2.05710724474858
2.00483267316841
2.09299039386644
2.09799126337548
2.13301101991497
2.01925996859386
2.00492050799639
1.91174939164398
1.91640522763265
2.04886057660704
2.09350368186323
2.07584808196161
2.09370160390764
2.07128585383265
2.02808501493959
2.02974897077000
2.06382785663886
2.01403666527918
2.18501551558210
1.98926107763179
2.08601511509666
2.07104865772213
2.07463367948587
2.00162383637154
2.04871305244705
2.15257713544463
2.23140115405696
2.06546574850043
2.03503404240664
1.98388075272889
2.24539575499314
2.16031700244594
2.16351186034599
2.18015040375382
2.17481867232375
2.03794924975187
1.92620576198528
2.01808827149533
2.12832560568321
1.98013890698580
2.14352909770747
2.07311046196679
1.92487590168129
2.01186669132077
1.91690130133740
2.07556485742976
2.11915002462602
2.10006223198765
2.08508200969454
2.11162132561018
2.12374565234404
2.05842601090026
2.04780504019318
2.12587849032867
2.22987524555294
2.08395910687533
2.09875308693634
2.04127333906186
2.05329104192195
2.05462808102824
2.03540067280905
2.18477555778257
2.19026817735959
2.07918407044975
2.13127990096071
2.05872291399644
2.11916666878463
2.13168021248625
2.03233573189114
2.04110801482888
2.09549930276827
2.12184098449792
2.02048731749880
2.01378160334081
2.03808877427213
2.06231281830954
2.11334111907891
2.18040675817562
2.18970117676656
2.17937760147633
2.15723671199275
2.16022495662096
2.26169292666160
2.03163048311068
2.11058668816325
2.16290836115218
2.20110555372803
2.23654401615993
2.15786004922835
2.26745794910732
2.05679093807113
2.22262191162986
2.10292066282737
2.19564414128144
1.96210640243450
2.00878100779480
1.99178095788211
2.12484729336118
1.92506434908926
1.98193404044487
1.99653521257202
1.98691605699946
2.06647099100593
2.04876283670823
2.01443262609318
2.08989159563084
2.05572247025504
2.12493528101697
2.05946159809506
2.16318234805975
2.09196499234150
2.05411680511243
2.12397213662050
2.18464850608125
2.08918416576436
2.05509192415184
2.11661580589393
2.00003920258237
2.01623085961590
1.96124511313676
2.02014296508846
1.98993158212908
1.95677031523843
2.05150329162571
1.91760275456410
1.93558389390504
2.03856120967288
2.00564643872330
1.99373845549051
2.09050356023383
2.16901816469570
2.08918372365738
2.05707275599083
1.98585403915263
1.99625185643791
2.03216575134207
2.01060792704813
2.09789672030635
1.94792192811205
2.02735678156741
2.01344421789618
1.90131379525258
1.95335804888349
1.99503261254263
1.91885354050919
2.05753878329755
1.95257546798111
1.98591567163736
1.94093438638944
1.95262036848895
1.95810648990983
1.96557887962163
2.04336609382213
1.95924568047167
2.01614014100666
2.12811695119489
2.06684744734240
1.92355596833606
1.93211378751879
2.04030703106708
2.01524967818293
2.13787295178547
1.99365558772296
2.04257588906859
2.02259113035628
2.03877845416870
2.10168855980545
2.09921934677500
2.11313239538491
2.01051112517644
2.15259544380517
2.02399021142692
2.05238854422271
1.98529109627647
2.05707865075543
2.11272384275399
2.11086704821387
2.10808083208663
2.08315184422105
1.95530452737610
2.03644115775668
2.10822116437172
2.09043289209177
1.99991822348055
2.06539735541492
2.00322978166482
2.05492372033787
2.04163927542615
1.97528700068151
2.10177415478881
1.99796305697721
1.96124691154231
2.04484879415869
1.96546821631529
1.95980087608977
1.96606052934786
1.94843337374564
1.97868620211011
1.97657967393689
2.01311063956510
1.99039213936705
2.04084853298661
1.99987468664511
1.96660919540224
1.91137482976292
1.90845630883100
1.91347471055545
1.89685544111380
1.96962195122528
2.03030898180830
1.92428274770685
1.94749316986198
2.01508150165570
2.02800837582981
2.06319383304795
1.94838608208256
2.14974441498460
2.03611296366486
2.10292987616249
2.07024620502551
2.06188111878648
2.21745129949336
2.09771597446860
2.00060028374147
2.01145828669046
2.07862292278810
1.96720726359296
2.05755305571791
2.00850745326660
1.95146701054732
2.01197218132507
2.00078250279322
1.94790329211750
1.93150455489844
2.11481903003542
1.92969630372219
2.02173694899258
1.85906175180428
1.96910702960654
1.87435129846028
1.85195932065711
1.92935992706888
2.01150389756479
2.01967449595655
2.11585329522350
2.01537612799015
2.12887439336719
2.03143657658416
2.04367204468645
1.86720756225964
1.92451040770235
1.95365989928998
1.97761574530760
1.99027958799169
1.93309231641351
2.02709138730087
1.92453608053015
2.00542577936000
1.88969328390449
1.91780852933882
1.95739297882203
1.97557955271230
1.88237265594015
1.98592476213013
1.90885632867662
1.99887843554498
1.89684197999710
1.92711149909268
1.93927112581143
2.01774049201859
1.98993468705923
1.98513930314751
1.89907704040842
1.96844027717003
1.91302242035633
1.96948896746052
1.96045590314911
2.01208495626129
2.00342163283218
2.10036463737344
2.01001413284425
2.02138262697507
2.05995745115462
1.95700706311451
1.99823638778141
1.91852750531354
1.93084031065298
1.92652446109370
2.05585227709451
1.93632843801530
1.98302084871742
1.94801708575379
1.93791935017554
1.93717622328673
2.01873889349438
1.94969216547857
1.91408610529507
1.91752318923675
1.90064031976503
1.95945959560076
1.95122375450933
1.87824671235211
2.06030098285567
2.03998600404908
2.10685088845348
1.99695953309754
1.94977345103119
1.95856608200828
1.91659900120499
1.98049991498445
2.15505107441516
2.04440647602557
2.08898838711970
2.04076422391802
2.12644127272467
2.06740672683835
2.19077691381092
2.07211157447322
2.10438870972515
2.01613315625246
2.07291949700432
2.09219107955773
2.09413509966400
2.12522724459272
2.02533521672674
2.00956039561408
2.07078125824101
2.06189499027050
2.11019493605437
2.10591185537425
2.08839527660098
2.15665211017204
2.02548121343428
2.14912887453086
2.10307801078630
2.14802481228396
2.14320223263693
1.99191285680177
1.97709315520846
2.11397776499562
1.96909499456951
2.00411058330095
1.95841180923519
1.93118702241248
1.99946623556364
2.01464793542574
1.90879143350870
1.95422111983512
1.98758185916560
2.05603503139409
1.95282568790530
1.95171406587591
2.00415396993187
1.94234832146495
2.07978279223311
1.96756954872486
2.00689139755630
2.06521717069956
2.00043064443122
2.00887374945542
1.99479412687546
2.05810529130909
2.03250767147646
2.00734377043530
2.05276007947612
1.95733038039909
2.05831474064600
1.95065246139970
1.97564261186369
2.13336884214015
2.12054186756793
2.15077867014348
2.10626062769059
1.89108354548748
2.06855813388720
1.99990774455588
1.96814362516685
2.07090111192233
2.09877768858120
1.94807993479725
1.94387562303199
1.94613869914766
2.07608532942828
2.02009963433579
2.11376989616370
2.04269514847564
2.06571603145328
1.97594968006758
1.98000143132421
2.20845300179994
1.96389370847895
2.10637908548925
2.02695966415933
1.98574315660944
1.96439055718204
1.96569157819046
1.97206031293203
2.21087941996454
2.16666602262347
1.98611375509437
2.14811653689259
2.10763445222589
2.07104724925974
1.97675750883935
1.93246273564045
2.09100485301842
2.09451386363517
1.95845667811048
2.04360687861052
2.03466272429220
2.09399122705021
1.98273422478418
2.10969210235629
1.99761754848907
2.02051349795587
1.97888932306776
2.01268207698427
2.14567066454969
2.14507499166154
2.00341898349321
2.26296263562761
2.05751739603158
1.98608786096666
2.05312505006732
2.27002888170055
2.34185493813269
2.12409471612184
2.13116089699916
2.06042909333021
2.01983411992222
2.00969089484768
2.10860483601320
2.06330946318452
2.23111371149214
2.15863960183534
2.07620899613366
2.16126716590586
2.19412377128493
2.07006793184261
2.20840255786537
2.17261568043303
2.05799323415796
2.17155720937076
2.22573290817679
2.32111933067266
2.14399128146053
2.14275403609975
2.01793429305627
2.09004404462067
1.98159572297748
2.09076092906973
2.03145743038388
2.04737947275844
2.04579461203149
2.16671468905242
2.01819273329577
2.03175603182625
2.15836915726123
2.04027665975060
1.95818958612377
2.08529795285955
2.11463752505757
2.07507793704808
2.06999847302159
2.08085057333989
2.03371320945135
1.97649432628809
2.03645775922174
2.06938951225716
2.06511459998621
2.24523536361150
2.10938941838305
2.12886830495423
2.12154758465144
2.11344464705662
2.05622682556008
2.16063453506085
1.93151369554686
2.02100495065549
1.91377619044540
2.07212458480785
2.11890944424749
2.00116667352630
1.99939538894307
1.95352572143886
2.06198653288621
2.16503125586704
2.13707396433525
2.02445489724573
1.96491952560231
2.08391792776660
2.03637031394235
2.05557542725202
2.06729061209047
2.18950019317571
2.12542934285102
2.03861001987605
2.06723576652419
1.95325083460355
2.09792661944360
2.10848032232874
2.06072738453179
2.08224777262537
2.02182976493537
2.01361338949325
2.00627290206651
2.04807480801825
2.15969706056128
2.17160656916727
1.97465196439297
1.93284698933861
2.01211308087725
1.90260172079774
2.00367054898608
2.06719170805411
1.96693948740454
2.05619149166487
1.93876315182413
1.95456127382502
2.05587494032037
2.00133915966358
2.00457743903714
2.15846415536990
2.18469197541205
2.18041798758633
1.96620178725970
1.95636249700929
2.04839692268957
2.01387081196683
1.99280510238729
1.97982233965281
1.99473119757739
1.94262514446311
1.94698051254115
1.99667283150445
2.04547989847046
2.08410530215598
2.01444049208712
2.13390492717500
1.96494623943122
1.90690199029500
1.84547967276543
1.90639347021489
1.94626602280098
2.14654045260711
1.90736497926081
1.98938820626394
1.92805527163406
1.93450385644761
1.95960915104978
2.09741973601967
1.97146975031752
2.02847657979289
2.08115739668252
2.07936482183864
2.10792115520051
2.09729785802888
2.03795833683940
1.98771193842453
1.97293852917791
1.95910783348931
2.00587320546978
1.87997560795921
1.93012917348280
2.06796220844265
1.96308546579230
1.98193020160157
1.90324770328027
1.99897401899985
2.03545071429983
2.00629235658536
1.97633084086539
1.94741568943927
1.95873893107341
1.99982116700194
2.02014206785922
1.96957362724398
1.92160301049435
2.06801945824787
1.95951808968818
1.92257895063884
1.96201485656843
2.01139317055851
2.06768692611048
1.98453243945842
1.97976582257223
2.00685581619753
2.04042679984716
1.96819602468493
1.92169807523950
1.95960562901759
1.99178898727596
1.92689531727525
2.00779893939600
2.00166838859668
2.02501233649183
2.00727012176621
1.96975612646760
1.99645870875845
1.92845386517585
2.02865897667149
2.19787855541667
2.10229335176571
2.10161081199267
2.11459744892695
2.07867874248003
2.06804054403695
1.93171907229802
2.03248484978223
2.00968191503994
1.97638088008694
1.99831999214651
1.93812708206508
2.03393664010593
2.01216204740828
1.99324775972279
1.97600833240177
1.98330460618028
1.93793588620944
1.98608679709525
2.00907378905992
2.00550934321777
2.14096192997483
2.01766137970570
2.00023826645052
2.03861498359864
1.97769758555436
2.04663820661594
2.10291729896432
2.07929114546081
2.01107526006058
2.02302103554110
2.06648873966655
2.16715556926137
2.20085187857144
2.11863918468438
2.30465860083569
2.14265975500063
2.15509663296681
2.04720776802883
2.12470918185721
2.09707039583797
2.11886612675394
2.22957606094958
1.98822866188329
2.11404199747304
2.04374712001895
2.01230451021158
2.05349085807146
2.12920425270779
2.07865282272518
2.05498501853916
2.01732680789386
2.03061723905351
2.03552249010466
2.04335488975300
2.08608964522945
2.06573458109025
1.99411841347484
2.07486426002684
2.06506061058886
2.08001892983976
1.96428371518475
1.95446943948760
1.89916086922490
1.96980922619877
1.94636329555088
1.92487927528537
2.02942272224061
1.95898800430936
2.11247917999463
1.97693162576919
1.94604105432515
1.97180285388871
1.90233025443034
2.08666673035641
1.98595738997260
2.03394996048581
2.13217372335997
1.91732481832101
1.93957477440767
2.06226338205464
2.01838911058478
2.05533737388881
2.02659853630249
2.07946440607509
2.06309193308726
2.10112544704688
2.08238395035766
2.22361721780914
2.05506261224194
1.92891476666027
2.00125876876668
2.06632942136060
2.04059694527455
2.01059420301368
2.06023153861215
2.10383474867151
2.08858934926012
2.02972180840490
2.04682006023180
1.96993377194245
2.02431299410251
1.96557693412834
2.00049516235297
2.01876672537082
1.97755233429438
1.94645186644490
1.96466744681373
1.88945886198554
1.89650653947522
1.96357805270767
2.01698201877401
2.05112108699756
2.03324688855662
2.04355358803221
2.00563652835815
2.04099861633853
2.03054553453496
2.09987563952601
2.03945674190091
2.02263047968191
1.93681122647981
1.92887253593092
2.09792388997359
2.01161780754977
1.98346756769246
1.92747085596440
1.92048296986696
1.97635366494753
1.93328130612671
2.02387094130287
2.07561550723487
2.02443264830592
2.04087963252379
2.10972738709586
2.13815968282897
2.06002140309417
2.03011964735307
2.01831031589425
1.95455820451202
1.92986107396658
2.10277716259274
1.97233233644261
2.18446403085201
2.06336156038340
2.02882563272817
2.09209894468931
2.00738860121967
1.99061025599334
2.04689767275983
1.93807802868807
1.99146108746898
2.14599469956763
1.96855142584601
2.03873760282388
1.97600270488968
1.92680711905614
1.92931845406161
1.94244220020137
2.00386833202329
1.88778349403189
1.88891703160279
1.99346788534576
1.97936112312086
1.94547195754067
1.92919583122515
1.98677912793628
1.98689424549626
1.89738493242957
2.13199594889971
2.01741139175189
2.01546821904580
1.95595406510511
2.03876621308532
1.99418224348305
2.01044828441025
2.03853162322740
2.00164847180975
2.03605384453771
1.91520377616416
1.88779544041981
1.96597855724180
2.00886849432329
1.89061841571741
2.06314469519000
1.99290059971201
1.93763959638232
1.99312141243830
1.98602411429576
2.04182011883020
1.96179264631699
1.98533670792356
1.99224083362892
2.00249735352038
2.19554276373801
1.90919958501201
2.07244942485986
2.13317322109276
2.06504693905708
2.07098203525290
2.01526299545225
2.05417814491161
1.94009373049658
1.98176789336390
1.97240666665535
1.95991286506203
2.02153091638953
2.01287314362034
2.06377372210349
1.97377658205061
2.00144194798932
1.99460335413965
1.97557921768247
2.14741148465804
1.95091186686500
2.09244209442005
1.99889176367762
1.98997698933557
2.02074740780440
2.05389316003422
2.00269474499167
1.98130681253792
1.92700100485744
1.97385915786847
2.11097932351597
2.12328085933365
2.13942036645823
1.95965104780879
2.14134011360036
2.06883860500394
2.09941664090621
1.96571665047158
2.06330391676844
2.00207928623738
1.96701295374081
1.93787359233756
1.99465974134391
2.05557620737847
1.88279148162937
1.96451442766959
1.96840619885563
2.00792951211564
1.95274044844122
1.95630281827698
2.06365905858293
2.04999244412234
1.93686604000953
1.91865761324377
1.79735285296017
1.92275595906303
1.94209378817206
1.97124005932995
1.91755273262337
2.03957917893936
1.85820232901480
1.93688203988208
2.01051363721441
1.91055081641738
1.91145753542268
2.00653449942545
1.97180555434528
2.07282820103380
1.91391175020576
1.98053481694738
2.07316056300534
2.14137028259963
2.03853907658930
2.01947947199040
2.00137404625545
2.01240075038637
1.97122559174725
2.04845668877325
2.00107988644847
1.96412646071535
1.94513334477381
1.90760850708244
1.95715426498178
2.03303592389507
2.06036959238475
2.06345881819241
1.95068446665446
1.99838965386228
1.89663076273015
1.94846995054853
1.93983623179928
2.16061350875009
2.01367427909661
2.00251365849814
1.96798519373833
1.87980728772662
1.89034141340549
1.83769149300815
1.87339314937856
1.97214207179488
1.82089987861737
1.90540228481319
1.91981818662900
2.00820286422456
1.98014691998862
1.88895291343893
1.98427334226323
1.89466386679758
2.03050328212134
1.99891492521546
2.06369631257732
2.00398645598595
2.02761519356270
1.99767885423024
2.07887038462063
2.07790502678085
1.99975700514030
2.14531186140065
2.03199544138746
1.97579577702437
2.10732071331796
2.10568781932438
2.05679309441782
2.03160427180733
2.03145449688677
2.04747442904877
1.94123779856718
2.03209237661532
1.97389117914606
1.94770431593096
2.01050627426596
1.96150319244123
2.02562956866635
1.98315191539062
2.01301667350983
2.06377866403745
2.02265880481908
1.97854063258719
1.96587183803243
2.03604932448812
1.95374820210724
1.96427128998047
1.95748383900118
2.05101079954664
1.97665744909297
2.01002286379641
1.87717882043924
1.92758755387476
1.88794057512744
2.09323413769945
1.93887184245351
1.93383887764735
2.11564428318534
2.04064004116479
2.07797876052559
2.09733953086377
2.04583741131366
1.96132933960108
1.97021058041376
2.06095763398454
2.00451481892560
2.00594733767144
2.00560529557292
2.03015862596031
1.91842981080344
2.07091733499494
2.13823862247979
2.12392895074120
2.09377595930217
2.09365369038557
2.09799638974587
2.08964989178046
1.99445563806388
2.10970898317843
2.02733814120380
1.89751319751207
1.95530173749804
2.06637196278226
2.01922678792367
1.97482056800506
2.01878549501631
1.98861860443891
2.09699842904522
2.06559348406877
1.92127209490024
1.98237848360149
1.97360813467888
1.92045469074270
2.11724593158774
2.05267394580342
1.96501353524810
1.94376265226388
1.90564379012136
2.00545140519846
1.88005068758544
1.95851245925608
1.97913465192760
2.01405192072294
1.95861999919614
1.96498025248921
1.96541892851928
1.93605124197202
2.04098986205274
1.93249811566133
1.89377584194131
2.00241334611468
1.97270940758477
1.95976556032536
1.83238474048956
1.96306044617166
1.97028985846120
1.89259474797727
2.00072142664308
1.90997108476436
1.99099305913843
1.88362374805351
1.91887594982767
1.94345724360242
2.02696675597858
1.94817168512690
2.01013034661153
1.88852729074573
1.91950972837837
1.97316478654030
2.08832412528599
1.90277428288524
2.04860689844203
1.92791609799287
2.02074479387820
1.82438843894387
1.93237143325101
2.06355347828034
2.12751498393421
2.10061295260192
1.94869894968619
1.98719851703892
2.04983361741236
2.15852550503708
1.97229738395989
2.01683078947813
1.85864790166686
2.00225136101898
2.15446259527737
2.10763892193963
1.98979147714405
2.06812262229982
1.83763037920750
2.00875900137804
2.09117651848379
1.84713622358370
1.92582394571540
1.87925445359708
2.04279764718813
1.92499883417198
1.93494148337443
1.87139149151309
1.97123905219655
1.95219537517968
2.04281380950287
2.06218509034265
1.95988771776825
1.85896553906929
1.83393626599481
1.94470995202603
1.98257176279882
1.84291874368598
1.99862796690076
2.01759813467505
2.04093416605161
2.09565862491939
2.03109210121715
2.07338558215815
2.02027368780547
2.09373367183672
2.00859407491208
2.05092054319811
1.98757021952979
1.99685523372796
1.95444837780251
2.00237751032540
2.09733536398761
2.11398244426975
2.18312187269312
2.07466447628136
2.01063104923865
2.15986046653992
1.99316986380237
1.93474010108970
1.88254528034590
1.94792160475754
1.97269623144134
1.99995328955261
1.87706718587479
1.84534353185320
1.87712086707440
2.01857134030512
1.86524089784670
2.05042474762880
1.92265014261892
1.93723279274011
1.97955178913040
1.97695602797796
2.03244401532514
1.99241319670604
1.93360431438957
1.92759093527664
2.10025227302284
1.95068242978072
1.83703209045793
1.94050379066219
1.89566441052744
2.01262109444496
1.98407631812851
1.94649296163878
2.07162130500302
1.86136572793775
1.91296528435431
1.95016586933048
1.93228198496882
1.90430672601474
1.98266362539866
1.84966420975537
2.01011266652701
1.97203636702027
1.99198569071124
2.03290483974191
1.90385975246956
1.98476270656716
2.05357367914934
1.89818478748504
1.81774369930267
1.84377936233009
1.88130320989576
2.15023310352667
2.11598862714564
1.87727928512986
2.00790216707044
2.05668619657175
1.95278667766287
2.14959783015819
2.01769643719217
2.07541352350098
2.09347575288394
2.06788485497465
2.02619777844200
1.88229370233769
2.03596262887715
2.02119583946242
1.94132005459978
1.92699559010370
1.98439947167160
2.05973288467692
1.93672012018282
2.03327375014501
1.95106451197248
1.95976047115708
1.98478241297046
1.96857808893467
1.94397035126483
1.88994523216224
1.92996020710187
1.87998130058527
1.85967837334087
1.82136838004531
1.92825263633871
1.94225559007485
1.82660928196876
1.90631900577148
1.86654720120486
1.97771719152770
1.94600675374739
1.94663782523198
1.98106920467605
1.93022051701213
1.97388269708034
1.95107249899934
1.87412884500978
1.96179656285814
2.02561460759420
1.94717889387264
1.99581772810864
1.95513852304062
1.95549462903072
1.98530766294184
1.97886513362654
1.91360600294345
1.91038103447461
2.05921856108003
2.07680362665344
2.00783402274267
1.95283589367608
1.93089937692321
2.00190474434833
1.96370756099958
2.00428571527731
1.94033075954490
2.00544049956261
2.05544133655182
2.02469950232045
1.96871525033331
1.96266466133984
1.95831868934209
2.00258683620848
2.07423515867742
1.94354372507173
2.14121381375593
1.98691706908827
2.01987804291165
2.02780286086303
2.08887365765660
2.02668230884649
1.99463091075279
2.20968958810365
2.07907060793162
2.03747092314439
1.99147397034743
2.04001417958341
2.06812431843083
1.95201804698099
1.89055094492791
1.95289960360616
1.88192426631776
1.93568486381749
1.88183945170669
2.02310652369641
1.99593238314100
2.03680279066567
2.00273779850292
2.02311504743265
2.04361370135037
2.07980701750589
1.98326948054299
1.91168423570602
1.91935623342653
2.01387783902829
2.01999825314619
1.97751156751541
1.98856416852761
1.95997938750899
1.91109019260665
1.92842044078680
1.97271165670334
1.91037136934796
1.96612770239446
2.00577085415939
2.03978070192847
1.97072677542485
1.92504679056433
1.97501837354414
1.94020705275469
1.88673102378667
1.91951867946789
2.03511796455741
2.07400092777308
1.95375674420407
1.87337077778108
1.85505836135463
1.88349018441745
1.89653088326849
1.93396858690463
1.84848589899837
1.93690479962662
1.97998361016768
1.98321016206777
1.97966682071608
2.01389120886502
2.03390647912155
1.97622511051006
2.01585839953629
2.00459603538293
1.98047267771496
1.96147035404450
1.90625334219718
1.94303218195773
1.94408522936567
1.82415072814093
1.88258477228452
2.00333880231805
1.92637664096744
2.07281336017020
2.02449445265786
2.04204192392106
1.93840541633601
1.95619975460492
1.93423418164318
1.95760002141684
1.98528811419440
1.99596116051349
2.03243050005228
1.97425695350363
2.01920648126587
1.92066974530458
1.97250492448634
2.08723193405170
1.88476403546046
1.95555436013279
1.82996514744555
1.90128798272357
1.92829434766083
2.09354377572260
2.01776740543641
1.91653602571704
1.81481275074268
2.07484581524138
1.95260901488331
2.04653913117893
1.89791672687517
2.00892323483874
1.90539799505164
1.92824493990233
1.86654980974202
2.00222671091336
1.98117378182406
1.88059049842390
2.18016243012991
2.13291595108147
2.04351364984986
1.94068492560003
1.91394438193447
1.92110082386557
2.08163777904430
1.94069541869286
1.90738383449601
1.98700789052259
2.02697462396151
2.03957138620934
2.05205964426889
2.01787888519337
1.97208925534142
2.03384079192107
1.96869342471344
1.94957137851242
2.05261483238305
1.96351988682818
1.92446865374439
1.97620396718248
1.94343156658309
2.00238540409251
1.98008914583969
1.95565244629196
1.95045893914983
2.05824461196040
2.02573093019041
1.97208586869351
2.08495378162720
2.03829451852080
2.10849770254009
2.10202580817682
1.94152251049903
2.11808396312241
2.03389774057015
1.97001077041453
1.96094249114928
1.98641700525054
1.97630502004146
1.92531276099854
2.11789166626268
2.19226999765439
2.00645999562774
2.11659605308622
2.03486327614998
2.06587936777953
1.90842834497720
2.04445614379161
1.95277901708405
2.03141593398573
2.08377176870390
1.95985274142791
1.94292161327281
2.08909827138450
1.94706558006086
1.98673095572384
1.95917730246896
2.12592040841533
2.01797892132797
1.99857098948809
1.96334884610687
1.90802945525729
1.95831801000518
1.86566573545046
1.82205910658373
2.09219864476666
1.94567986123954
1.99088567800132
2.02171840764023
2.10459364134236
1.91100490194875
2.00865361391473
1.97035051090985
1.98323182018320
1.97449319991351
2.09862312881249
1.91373241548558
1.97643252551568
2.09459299407153
2.01608629396370
1.94952445096865
2.03913878814373
2.01545532473133
2.05449881266188
2.05930650092498
2.06300572818841
1.86988999818132
1.94908491289035
2.11899768469139
1.96719597253999
1.91140235792801
1.96792228483520
2.01913906165679
1.89161145649335
1.98809666131350
1.98420672354709
1.94745061300821
1.99667263691514
1.92881822845799
2.01881702301999
2.06018841742282
1.97663592020349
1.94620376028691
1.94018290548659
1.97590847428571
1.94337539994239
1.89678465398181
1.96972943742820
1.94453015951709
1.90432655631476
1.93580352895934
2.09198267072639
1.96567492445274
1.93859556999371
1.85356362579491
1.88160728545108
1.99036640377257
2.08295817762330
1.98944077809183
2.00568236840928
1.91614930010700
1.97618330345460
1.90765706460327
1.95629057585367
1.96121517570336
1.96465848871742
1.99040157908653
1.99625118963111
2.03045587870774
2.03679571265512
1.95019801782960
1.87546241861830
1.99990262592996
2.00900909201447
1.97304603606194
1.99974121473229
1.97343095806806
2.21921221148927
2.01171427967140
2.17111381132181
2.06047221467404
2.01930514482604
2.07333909291609
2.11062837752619
1.99315766929386
2.07812744032058
1.97613386489701
1.89447896970354
1.97684905712582
1.93932469498718
1.93341074212539
1.88668735524755
1.89005112599112
1.98228069942355
2.07596765253463
2.09984307897892
2.08840080522281
2.06571861702330
2.09274747018601
2.03249981989723
2.07384697850883
2.05256044109355
2.17631835442739
2.04146485383807
2.02330324978405
2.06393941569459
2.08937612353985
1.95905005011799
2.08210472818877
2.08797684317061
2.11492341818003
2.12196974321642
2.16429137603995
2.14875715138071
2.07050468217616
2.03592053569132
2.10969098482002
2.10294448251641
2.00049528115735
2.08874118809283
1.98750206317407
2.01999036683041
1.91349118982579
1.98632049458490
1.92650832116669
2.02070974680648
2.00564124299460
2.03726464859892
2.00638654446669
2.07997165924999
2.05042415570355
1.99502488191308
2.09337085652127
2.02561832408026
2.04435310765531
1.98380144897499
2.16100447322178
2.08477010791676
2.09649344988243
1.97178694030644
2.10563324155221
2.05513570952423
1.98917827139917
2.01965809415667
2.10127214539761
1.94235402298148
2.03483188493420
1.97824498783043
2.04346842057745
2.10107326984076
2.20675293601104
2.17982728348483
2.12130073647463
2.08499920098424
2.23609869033177
2.15004490764014
2.19162765606373
2.25948877192750
2.20511227600232
2.14852199702992
2.10135710958699
2.10113319066744
2.09281897535583
2.08886464593133
2.04083262375064
2.09727766989944
2.20088492897241
2.12286191372247
2.10117776469021
2.15045611121359
2.17806672067306
2.10750020042559
2.11167059588722
2.22567760590086
2.20839464092642
2.12441641936044
2.21747352245677
2.26160357250742
2.17695845595578
2.09455547089718
2.11382807196742
2.24311302279857
2.12897124789510
2.18610355037665
2.09388069557624
2.12360764907093
2.13653296409068
2.13496835102560
2.04451771670719
2.01364171475111
2.07471071721910
2.06249122495854
2.15034944185972
2.09778006069883
2.05422152230092
2.04965061597836
2.06592593447666
2.12980303719769
2.16218938961102
2.06418627017553
2.05524320775166
2.11646133796361
1.98705239511981
2.03016879456762
2.00616018750078
2.01734900830855
2.02439938425841
2.17183251398191
2.04738591116395
2.10966997692261
2.09824646816114
2.03986509358044
2.08656899656404
2.05635963557431
2.05734614791335
2.01989886980556
2.08102519001742
2.14759689596071
1.95537688657400
1.98038730630732
2.11725880020578
2.19384895947242
2.14923102491881
1.97642020958188
2.04985739268818
2.21540451519979
2.14659943528806
2.01186734554520
2.00405524947527
2.10490954316231
2.07579660150612
1.99808916896025
2.03551532301916
2.00642819456091
1.99899917514430
2.04225286874736
2.07801175254979
2.05698524067538
2.11520124796439
2.19197182828934
2.04212165709997
1.98624504780226
2.05017124006888
1.94039064647213
1.97444001164555
1.93789564073357
2.08456773360312
2.03005862729410
1.88624600989756
2.04562865126936
2.09212552730201
2.00592294543452
2.01806924621020
1.91210186972846
1.86301388511280
1.95271231387242
2.00034253083806
1.90640756350706
1.79455956141351
2.00294455347954
1.86135894128867
1.86736720685709
2.02984109389420
1.91646839454301
2.04724178823981
1.92269816931689
1.98452343642020
2.07705587282216
2.05186296743177
1.94743866410796
2.10349014835748
2.08720586988898
1.94457380294877
1.93873160395897
2.04427011928887
2.04741159723324
2.06512161827991
2.04625725991480
2.06480988011332
2.04417076931242
2.05097199323970
2.09122140199471
2.02144317077769
2.29058863603899
2.16409082724732
2.10611281366173
2.21597256034836
2.14372930640575
2.10042049795365
2.00858647726883
1.95832677140741
2.12382229326888
2.07616122919287
2.17534271547664
2.18640442730083
2.18818879224457
2.26654436849681
2.28074006105669
2.30533368449641
2.20704346126856
2.28956141083818
2.27895651166437
2.26200600423279
2.26799621621365
2.26660721948454
2.34355651859538
2.34693646873108
2.16024386337277
2.04147359034911
2.11960450442541
2.13051385672458
2.22627051021891
2.29315779170149
2.21982769525434
2.19565134821559
2.14993288846855
2.03622824822871
2.23590282786439
2.17739115855458
2.14235144350476
2.13447239237197
2.16821310691150
2.21085941856212
2.22091401536745
2.14647015630975
2.21489805063245
2.03193258541358
2.15070156500927
2.09644194830975
2.13847253836525
2.10023209592431
2.13733757961901
2.03785975781000
2.15300175930969
2.04541157675266
2.07394779438839
2.06530507823498
2.10363599578731
2.09462448104656
2.13147087215570
2.09045946583272
2.17274685866540
2.14219952616536
2.04781400460524
2.21956837929189
2.12803341856722
2.01484096772351
2.11844558614528
2.02327311909360
2.07367551449479
2.08631942813706
1.98501678491988
2.10935490604664
1.94811800928801
2.06975459021476
2.05247473939410
2.15247297598985
2.05017562394055
2.11308670719347
2.14414226941056
2.10425192117451
2.06553842950659
2.09091143356167
2.10187941873110
2.00378537514472
2.03035125369279
2.07847327002241
2.04046330002738
2.04793705036272
2.01615845752002
1.98426109147671
1.95267017878397
1.96689690193590
2.08638641196640
2.07566524357137
1.99939753621618
2.05400616128155
2.06298924270356
2.00590732292331
2.02290630651878
1.97708437799434
2.03042621675976
1.92527772296020
1.96335560851634
1.93140364486921
2.02262941621656
2.02187976892923
1.99701059758593
2.02797294442413
1.90733274779512
1.98698361930432
1.94534313303021
1.95292985767656
1.97077060365468
2.05142514392126
2.03992525909914
1.96976295906047
2.13422974385183
2.05913370806806
2.02591822679892
2.10473227874587
1.97765535502775
2.01004906256755
2.13989004281441
2.16281412112448
2.16383690530025
2.08657377294238
2.23013299777553
2.12610575592024
2.12034256150233
2.10843717387204
2.09697957418686
2.00460699912422
2.03670806694004
2.11200041602155
2.07069583887432
1.98948797761259
2.00863562889485
1.89472595798789
1.98178686680329
1.94765021871585
2.09333635149901
1.95213024380381
1.93263302125588
2.04674123941855
1.97912334167453
2.09851791274795
2.02676209762920
2.07111769657078
1.98818230234409
1.89343095217881
1.86754044826308
1.95073653976883
1.99019256310435
1.87937017084637
1.87825687655327
1.87238905625493
1.95778928104567
1.90383930726982
1.90233227130391
1.97887218038734
1.96189202871650
1.84091518304931
1.89973773674416
1.95054727282061
1.86065386541848
1.87087209459324
1.90369991202322
1.89278268300552
1.95630739515693
1.89695930628910
1.92912875537481
2.01412074787690
1.96850085275401
1.88960637539060
1.92243180332713
1.95309938317439
1.86510842102984
1.92010746634714
2.03145772936877
2.00223698275937
2.08767652690125
1.96257497976203
2.06361761009861
1.94464830821609
1.94405459381613
1.97304906141710
2.04040623075716
1.97245169506587
1.91695735903986
2.01510077207457
1.95521144850142
2.06567369270045
2.02533653837534
1.98938278898097
1.98468579318797
1.95025806329999
2.05238614922268
2.10900631042323
2.00012043852734
2.08984509647350
2.08834678251006
1.92474492218752
1.96616486679773
2.04106359228027
2.09018222373100
1.93372236210520
2.00659889054852
1.94394535253989
1.97956319003882
1.92915401046297
2.02248513743993
2.07232130214593
2.04906888016938
2.11914444100549
1.98105272448666
1.99161730598372
2.02615525454629
1.99575334833718
2.00295092612792
1.98066922490308
2.01376608657336
1.99692789760085
2.08273097236007
2.03984074049057
2.14116445838412
1.94445880964713
2.11407166422807
2.06224219449066
2.22300712665223
1.97305109488342
1.99111198567792
1.98314433436052
2.02917059924975
1.92451066903520
1.99500193792397
1.94280888230186
2.02666827095536
1.98578668450305
1.97552265262324
1.97998753961001
1.95916251760364
2.00820160550017
2.07667372034884
2.09386182843174
1.99633961005813
2.07911939097203
1.92154007707577
2.02728053775038
1.95623605031638
2.06161132000129
1.97537617287113
1.96637240560021
1.99647409898716
1.92947246515216
1.97303449063851
2.02150103904862
1.98421916394493
2.07036034112809
1.90697893295853
2.02094964675364
1.97197534272292
2.03547692725375
1.89846430011551
1.94206985638960
1.96782892991340
1.90324108071041
2.02229563566994
2.01440000637873
1.94819499205879
1.95152200588959
1.96628930970960
2.04003019223868
1.97683979012682
2.00859251132948
1.97663584574534
2.04004033127859
2.03034372900997
2.02330894036493
2.07105154347873
2.03891251103717
2.03540970964363
1.97787766725639
2.02936139680980
2.06395638378313
2.09901613975370
1.99593816128433
1.93294482255479
1.96909031782028
1.97318461316823
2.02966625101341
2.03857857469387
1.98137434096986
2.05380629474506
2.19101510133605
2.03997892540437
1.98100247120708
2.02853411308662
1.98379608734456
2.07877922988390
2.05475316324912
2.00674857826811
2.06713873098653
1.97297264067233
1.97261715314952
2.01997889409917
1.99540417151239
2.00418157547922
1.96379264513928
2.02103780506299
2.00070735750762
1.98320614611344
2.05855053088832
2.06997487757533
1.98165479387760
2.02662975511218
2.00408057008230
1.99280965440664
2.01078999526175
1.96979478535486
2.08485590990101
1.95585763134375
1.99569245703594
1.98943807409027
2.01847592248144
1.86138555456791
1.97515569247300
2.07931559437593
2.04421630530730
2.04077223812546
1.98871465764821
2.11572457858104
2.21102399841682
1.99095792896284
2.11335168507162
2.11869979393159
2.07992611067885
2.19059576113598
2.03609514644325
2.02187728244412
2.05490044068975
1.97094134267218
1.96682195682449
1.98333252806032
1.96364201263739
1.90487959837696
1.92387508589284
1.97534200401176
2.01563537467841
1.87435602658247
2.03722644041271
2.08454710067385
2.04949649266632
1.94472557120974
2.07136553082889
1.94188805593339
2.11919283107068
2.20009285635463
2.00291398433130
2.13614011094047
2.28501591176346
2.03426493987013
1.95560762619188
1.92078805578733
2.04223260869409
2.02780030044037
2.02960275443313
2.15518786116705
2.01203703580581
1.94498712790993
2.02336464301571
1.95014993555965
1.93965394688691
1.89628940799970
1.95671883340498
1.98883773134907
2.16738823389665
2.02393789116904
1.98191988413198
2.04073038525133
2.11124085883050
2.10302978569192
2.16744747669507
2.10326131693592
2.06482414544951
2.03174365596099
2.14053925508284
2.04528236488932
2.17431353258901
2.07303644870913
2.05749509804856
2.03897317221893
2.11399800570865
2.16349215676762
2.08627438636376
2.27829933005392
2.05664819897692
2.16164056139409
2.10290170556045
2.05517563741120
2.30170977090210
1.99538412352342
2.27993638391090
2.06117848872242
2.09273956907966
2.08941051833538
2.08009302830049
2.05878192146430
2.08771650891026
2.08040324683676
2.11226058046233
2.16713673716419
2.09348792739958
2.05953225158683
2.19776795883860
2.14291605212210
2.03414799325784
2.01103033589481
1.98349606686676
2.19613477810554
2.13674066451033
2.20781847547545
2.03637350446187
2.04834049133155
2.00664717415457
2.04699190968924
1.97028296126802
2.04840299834560
2.11192680005408
2.02976614024270
1.97624547276037
2.00639224326754
1.99003389009408
2.06107234903245
2.03985643196204
1.97196681336841
2.01355464520682
2.05804412531848
2.03056413903910
1.97211778269353
1.96617071651878
1.91181235357197
1.95001795254016
1.93485375906730
1.93097197835758
2.04685826802683
2.03498055405669
2.09551105818292
1.96660085081324
2.02117109869405
1.92308969551241
2.04220520250901
2.03331147028038
2.05442392893718
1.99725326495064
2.02158922748890
1.94966896690207
1.97060350068632
1.95642574657731
2.03706436009715
2.02905473865014
2.18090196196433
2.03331956691118
2.02965997263265
1.97243470441672
1.99337817781398
2.02665067382267
2.02402935958943
2.10289752878187
2.02561833553748
2.00604036837830
2.06609142339715
1.99808166491287
2.10261343282522
2.05478493758846
2.07035722756125
2.05813678223182
1.99095220048358
1.96644049712079
2.05981349499203
2.02373147558596
2.13749971819506
1.91855138275416
2.12630402869111
2.15017704440961
2.28081298109382
2.19937780244552
2.05386339971013
1.91236687974132
1.93378425935395
1.94633898539117
1.97301116012771
2.10096856537313
1.99501006247062
2.04783211086316
1.93635233537938
1.93737855947030
2.07452821787399
1.94262912757475
2.06100447694779
2.02725749730721
1.98582797033713
1.96973043691664
2.04722458048582
2.07935572926226
2.05633935283873
2.06639186313470
2.08501051954382
2.04174342015555
2.04874401256812
2.06288757238824
2.04218510861457
2.05055225124214
2.04410062289418
2.05366300240195
1.98439500738909
2.00815283400646
2.03326049287611
2.12202133155321
2.03703751257039
2.05360210195718
2.09512560321831
1.97742033887412
2.08105697697958
2.00626643673393
2.05873996962683
1.97596897964658
1.99747829009165
2.20207253689682
2.09757984863484
2.13058576417122
1.98089150394582
1.94250141342870
2.20241089237343
2.07726139636985
2.00029959695629
2.09759564357907
2.08681718165957
2.05026731663998
2.06443012036187
1.95059374769284
2.05322805979016
2.04609548760271
2.00478815702222
2.07864039556454
2.14970167599136
2.00866309233505
2.11302165352490
2.10996060833504
2.06549358276596
2.07952568738801
2.06103268757596
2.06343213341370
2.02067052567028
2.01634287365605
2.06987906337772
2.08908122231832
2.12667593933040
2.11488521894631
2.19485863484514
2.06464241179538
2.06832540110073
2.02926407961838
2.00519180411170
2.02765847882967
2.06965649323267
2.06573133674068
1.99070113928398
2.06577086052728
2.03747119885176
2.18092493771446
2.14996639426298
2.11052122501888
2.01672210322584
1.99760385338616
2.13655605738043
1.93565426943841
1.97225147708658
1.99763880691726
1.96995694731032
2.01699464287799
1.97022219125546
2.00856034480785
1.99677831138661
2.00432837484000
2.03354248376955
2.00669458508412
1.98852590966302
1.99091429936606
1.97347437342927
2.05665541174149
2.04992302026394
1.99855310207717
1.99746273571803
2.06798498806733
2.00652121999660
2.03867700629931
1.97431077121671
2.04289692551632
2.00052471038660
2.07398846641755
2.11437163968737
2.13228437088481
2.12161993721709