0	0	0	0	0	0	
6.01009e-005	0	0	0	0	0	
0.000240403	0	0	0	0	0	
0.000540908	0	0	0	0	0	
0.000961614	0	0	0	0	0	
0.00150252	0	0	0	0	0	
0.00216363	0	0	0	0	0	
0.00294494	0	0	0	0	0	
0.00384646	0	0	0	0	0	
0.00486817	0	0	0	0	0	
0.00601009	0	0	0	0	0	
0.00727221	0	0	0	0	0	
0.00865453	0	0	0	0	0	
0.010157	0	0	0	0	0	
0.0117798	0	0	0	0	0	
0.0135227	0	0	0	0	0	
0.0153858	0	0	0	0	0	
0.0173692	0	0	0	0	0	
0.0194727	0	0	0	0	0	
0.0216964	0	0	0	0	0	
0.0240403	0	0	0	0	0	
0.0265045	0	0	0	0	0	
0.0290888	0	0	0	0	0	
0.0317934	0	0	0	0	0	
0.0346181	0	0	0	0	0	
0.037563	0	0	0	0	0	
0.0406282	0	0	0	0	0	
0.0438135	0	0	0	0	0	
0.0471191	0	0	0	0	0	
0.0505448	0	0	0	0	0	
0.0540908	0	0	0	0	0	
0.0577569	0	0	0	0	0	
0.0615433	0	0	0	0	0	
0.0654498	0	0	0	0	0	
0.0694165	0	0	0	0	0	
0.0733832	0	0	0	0	0	
0.0773498	0	0	0	0	0	
0.0813165	0	0	0	0	0	
0.0852831	0	0	0	0	0	
0.0892498	0	0	0	0	0	
0.0932164	0	0	0	0	0	
0.0971831	0	0	0	0	0	
0.10115	0	0	0	0	0	
0.105116	0	0	0	0	0	
0.109083	0	0	0	0	0	
0.11305	0	0	0	0	0	
0.117016	0	0	0	0	0	
0.120983	0	0	0	0	0	
0.12495	0	0	0	0	0	
0.128916	0	0	0	0	0	
0.132883	0	0	0	0	0	
0.13685	0	0	0	0	0	
0.140816	0	0	0	0	0	
0.144783	0	0	0	0	0	
0.14875	0	0	0	0	0	
0.152716	0	0	0	0	0	
0.156683	0	0	0	0	0	
0.16065	0	0	0	0	0	
0.164616	0	0	0	0	0	
0.168583	0	0	0	0	0	
0.17255	0	0	0	0	0	
0.176516	0	0	0	0	0	
0.180483	0	0	0	0	0	
0.18445	0	0	0	0	0	
0.188416	0	0	0	0	0	
0.192383	0	0	0	0	0	
0.19635	0	0	0	0	0	
0.200256	0	0	0	0	0	
0.204042	0	0	0	0	0	
0.207709	0	0	0	0	0	
0.211255	0	0	0	0	0	
0.21468	0	0	0	0	0	
0.217986	0	0	0	0	0	
0.221171	0	0	0	0	0	
0.224236	0	0	0	0	0	
0.227181	0	0	0	0	0	
0.230006	0	0	0	0	0	
0.232711	0	0	0	0	0	
0.235295	0	0	0	0	0	
0.237759	0	0	0	0	0	
0.240103	0	0	0	0	0	
0.242327	0	0	0	0	0	
0.24443	0	0	0	0	0	
0.246414	0	0	0	0	0	
0.248277	0	0	0	0	0	
0.25002	0	0	0	0	0	
0.251642	0	0	0	0	0	
0.253145	0	0	0	0	0	
0.254527	0	0	0	0	0	
0.255789	0	0	0	0	0	
0.256931	0	0	0	0	0	
0.257953	0	0	0	0	0	
0.258854	0	0	0	0	0	
0.259636	0	0	0	0	0	
0.260297	0	0	0	0	0	
0.260838	0	0	0	0	0	
0.261258	0	0	0	0	0	
0.261559	0	0	0	0	0	
0.261739	0	0	0	0	0	
0.261739	0	0	0	0	0	
0.261799	0	0	0	0	0	
0.261769	0	0	0	0	0	
0.261679	0	0	0	0	0	
0.261529	0	0	0	0	0	
0.261319	0	0	0	0	0	
0.261048	0	0	0	0	0	
0.260718	0	0	0	0	0	
0.260327	0	0	0	0	0	
0.259876	0	0	0	0	0	
0.259365	0	0	0	0	0	
0.258794	0	0	0	0	0	
0.258163	0	0	0	0	0	
0.257472	0	0	0	0	0	
0.256721	0	0	0	0	0	
0.25591	0	0	0	0	0	
0.255038	0	0	0	0	0	
0.254106	0	0	0	0	0	
0.253115	0	0	0	0	0	
0.252063	0	0	0	0	0	
0.250951	0	0	0	0	0	
0.249779	0	0	0	0	0	
0.248547	0	0	0	0	0	
0.247255	0	0	0	0	0	
0.245903	0	0	0	0	0	
0.24449	0	0	0	0	0	
0.243018	0	0	0	0	0	
0.241485	0	0	0	0	0	
0.239893	0	0	0	0	0	
0.23824	0	0	0	0	0	
0.236527	0	0	0	0	0	
0.234754	0	0	0	0	0	
0.232921	0	0	0	0	0	
0.231028	0	0	0	0	0	
0.229074	0	0	0	0	0	
0.227061	0	0	0	0	0	
0.224988	0	0	0	0	0	
0.222854	0	0	0	0	0	
0.22066	0	0	0	0	0	
0.218407	0	0	0	0	0	
0.216093	0	0	0	0	0	
0.213719	0	0	0	0	0	
0.211285	0	0	0	0	0	
0.20879	0	0	0	0	0	
0.206236	0	0	0	0	0	
0.203622	0	0	0	0	0	
0.200947	0	0	0	0	0	
0.198213	0	0	0	0	0	
0.195418	0	0	0	0	0	
0.192563	0	0	0	0	0	
0.189648	0	0	0	0	0	
0.186673	0	0	0	0	0	
0.183638	0	0	0	0	0	
0.180543	0	0	0	0	0	
0.177388	0	0	0	0	0	
0.174172	0	0	0	0	0	
0.170897	0	0	0	0	0	
0.167561	0	0	0	0	0	
0.164166	0	0	0	0	0	
0.16071	0	0	0	0	0	
0.157194	0	0	0	0	0	
0.153618	0	0	0	0	0	
0.149982	0	0	0	0	0	
0.146286	0	0	0	0	0	
0.142529	0	0	0	0	0	
0.138713	0	0	0	0	0	
0.134836	0	0	0	0	0	
0.1309	0	0	0	0	0	
0.126933	0	0	0	0	0	
0.122966	0	0	0	0	0	
0.119	0	0	0	0	0	
0.115033	0	0	0	0	0	
0.111066	0	0	0	0	0	
0.1071	0	0	0	0	0	
0.103133	0	0	0	0	0	
0.0991664	0	0	0	0	0	
0.0951998	0	0	0	0	0	
0.0912331	0	0	0	0	0	
0.0872665	0	0	0	0	0	
0.0832998	0	0	0	0	0	
0.0793331	0	0	0	0	0	
0.0753665	0	0	0	0	0	
0.0713998	0	0	0	0	0	
0.0674332	0	0	0	0	0	
0.0634665	0	0	0	0	0	
0.0594999	0	0	0	0	0	
0.0555332	0	0	0	0	0	
0.0515665	0	0	0	0	0	
0.0475999	0	0	0	0	0	
0.0436332	0	0	0	0	0	
0.0396666	0	0	0	0	0	
0.0356999	0	0	0	0	0	
0.0317333	0	0	0	0	0	
0.0277666	0	0	0	0	0	
0.0237999	0	0	0	0	0	
0.0198333	0	0	0	0	0	
0.0158666	0	0	0	0	0	
0.0119	0	0	0	0	0	
0.00793331	0	0	0	0	0	
0.00396666	0	0	0	0	0	
-8.32667e-017	0	0	0	0	0	
-0.00396666	0	0	0	0	0	
-0.00793331	0	0	0	0	0	
-0.0119	0	0	0	0	0	
-0.0158666	0	0	0	0	0	
-0.0198333	0	0	0	0	0	
-0.0237999	0	0	0	0	0	
-0.0277666	0	0	0	0	0	
-0.0317333	0	0	0	0	0	
-0.0356999	0	0	0	0	0	
-0.0396666	0	0	0	0	0	
-0.0436332	0	0	0	0	0	
-0.0475999	0	0	0	0	0	
-0.0515665	0	0	0	0	0	
-0.0555332	0	0	0	0	0	
-0.0594999	0	0	0	0	0	
-0.0634665	0	0	0	0	0	
-0.0674332	0	0	0	0	0	
-0.0713998	0	0	0	0	0	
-0.0753665	0	0	0	0	0	
-0.0793331	0	0	0	0	0	
-0.0832998	0	0	0	0	0	
-0.0872665	0	0	0	0	0	
-0.0912331	0	0	0	0	0	
-0.0951998	0	0	0	0	0	
-0.0991664	0	0	0	0	0	
-0.103133	0	0	0	0	0	
-0.1071	0	0	0	0	0	
-0.111066	0	0	0	0	0	
-0.115033	0	0	0	0	0	
-0.119	0	0	0	0	0	
-0.122966	0	0	0	0	0	
-0.126933	0	0	0	0	0	
-0.1309	0	0	0	0	0	
-0.134836	0	0	0	0	0	
-0.138713	0	0	0	0	0	
-0.142529	0	0	0	0	0	
-0.146286	0	0	0	0	0	
-0.149982	0	0	0	0	0	
-0.153618	0	0	0	0	0	
-0.157194	0	0	0	0	0	
-0.16071	0	0	0	0	0	
-0.164166	0	0	0	0	0	
-0.167561	0	0	0	0	0	
-0.170897	0	0	0	0	0	
-0.174172	0	0	0	0	0	
-0.177388	0	0	0	0	0	
-0.180543	0	0	0	0	0	
-0.183638	0	0	0	0	0	
-0.186673	0	0	0	0	0	
-0.189648	0	0	0	0	0	
-0.192563	0	0	0	0	0	
-0.195418	0	0	0	0	0	
-0.198213	0	0	0	0	0	
-0.200947	0	0	0	0	0	
-0.203622	0	0	0	0	0	
-0.206236	0	0	0	0	0	
-0.20879	0	0	0	0	0	
-0.211285	0	0	0	0	0	
-0.213719	0	0	0	0	0	
-0.216093	0	0	0	0	0	
-0.218407	0	0	0	0	0	
-0.22066	0	0	0	0	0	
-0.222854	0	0	0	0	0	
-0.224988	0	0	0	0	0	
-0.227061	0	0	0	0	0	
-0.229074	0	0	0	0	0	
-0.231028	0	0	0	0	0	
-0.232921	0	0	0	0	0	
-0.234754	0	0	0	0	0	
-0.236527	0	0	0	0	0	
-0.23824	0	0	0	0	0	
-0.239893	0	0	0	0	0	
-0.241485	0	0	0	0	0	
-0.243018	0	0	0	0	0	
-0.24449	0	0	0	0	0	
-0.245903	0	0	0	0	0	
-0.247255	0	0	0	0	0	
-0.248547	0	0	0	0	0	
-0.249779	0	0	0	0	0	
-0.250951	0	0	0	0	0	
-0.252063	0	0	0	0	0	
-0.253115	0	0	0	0	0	
-0.254106	0	0	0	0	0	
-0.255038	0	0	0	0	0	
-0.25591	0	0	0	0	0	
-0.256721	0	0	0	0	0	
-0.257472	0	0	0	0	0	
-0.258163	0	0	0	0	0	
-0.258794	0	0	0	0	0	
-0.259365	0	0	0	0	0	
-0.259876	0	0	0	0	0	
-0.260327	0	0	0	0	0	
-0.260718	0	0	0	0	0	
-0.261048	0	0	0	0	0	
-0.261319	0	0	0	0	0	
-0.261529	0	0	0	0	0	
-0.261679	0	0	0	0	0	
-0.261769	0	0	0	0	0	
-0.261769	0	0	0	0	0	
-0.261799	0	0	0	0	0	
-0.261769	0	0	0	0	0	
-0.261679	0	0	0	0	0	
-0.261529	0	0	0	0	0	
-0.261319	0	0	0	0	0	
-0.261048	0	0	0	0	0	
-0.260718	0	0	0	0	0	
-0.260327	0	0	0	0	0	
-0.259876	0	0	0	0	0	
-0.259365	0	0	0	0	0	
-0.258794	0	0	0	0	0	
-0.258163	0	0	0	0	0	
-0.257472	0	0	0	0	0	
-0.256721	0	0	0	0	0	
-0.25591	0	0	0	0	0	
-0.255038	0	0	0	0	0	
-0.254106	0	0	0	0	0	
-0.253115	0	0	0	0	0	
-0.252063	0	0	0	0	0	
-0.250951	0	0	0	0	0	
-0.249779	0	0	0	0	0	
-0.248547	0	0	0	0	0	
-0.247255	0	0	0	0	0	
-0.245903	0	0	0	0	0	
-0.24449	0	0	0	0	0	
-0.243018	0	0	0	0	0	
-0.241485	0	0	0	0	0	
-0.239893	0	0	0	0	0	
-0.23824	0	0	0	0	0	
-0.236527	0	0	0	0	0	
-0.234754	0	0	0	0	0	
-0.232921	0	0	0	0	0	
-0.231028	0	0	0	0	0	
-0.229074	0	0	0	0	0	
-0.227061	0	0	0	0	0	
-0.224988	0	0	0	0	0	
-0.222854	0	0	0	0	0	
-0.22066	0	0	0	0	0	
-0.218407	0	0	0	0	0	
-0.216093	0	0	0	0	0	
-0.213719	0	0	0	0	0	
-0.211285	0	0	0	0	0	
-0.20879	0	0	0	0	0	
-0.206236	0	0	0	0	0	
-0.203622	0	0	0	0	0	
-0.200947	0	0	0	0	0	
-0.198213	0	0	0	0	0	
-0.195418	0	0	0	0	0	
-0.192563	0	0	0	0	0	
-0.189648	0	0	0	0	0	
-0.186673	0	0	0	0	0	
-0.183638	0	0	0	0	0	
-0.180543	0	0	0	0	0	
-0.177388	0	0	0	0	0	
-0.174172	0	0	0	0	0	
-0.170897	0	0	0	0	0	
-0.167561	0	0	0	0	0	
-0.164166	0	0	0	0	0	
-0.16071	0	0	0	0	0	
-0.157194	0	0	0	0	0	
-0.153618	0	0	0	0	0	
-0.149982	0	0	0	0	0	
-0.146286	0	0	0	0	0	
-0.142529	0	0	0	0	0	
-0.138713	0	0	0	0	0	
-0.134836	0	0	0	0	0	
-0.1309	0	0	0	0	0	
-0.126933	0	0	0	0	0	
-0.122966	0	0	0	0	0	
-0.119	0	0	0	0	0	
-0.115033	0	0	0	0	0	
-0.111066	0	0	0	0	0	
-0.1071	0	0	0	0	0	
-0.103133	0	0	0	0	0	
-0.0991664	0	0	0	0	0	
-0.0951998	0	0	0	0	0	
-0.0912331	0	0	0	0	0	
-0.0872665	0	0	0	0	0	
-0.0832998	0	0	0	0	0	
-0.0793331	0	0	0	0	0	
-0.0753665	0	0	0	0	0	
-0.0713998	0	0	0	0	0	
-0.0674332	0	0	0	0	0	
-0.0634665	0	0	0	0	0	
-0.0594999	0	0	0	0	0	
-0.0555332	0	0	0	0	0	
-0.0515665	0	0	0	0	0	
-0.0475999	0	0	0	0	0	
-0.0436332	0	0	0	0	0	
-0.0396666	0	0	0	0	0	
-0.0356999	0	0	0	0	0	
-0.0317333	0	0	0	0	0	
-0.0277666	0	0	0	0	0	
-0.0237999	0	0	0	0	0	
-0.0198333	0	0	0	0	0	
-0.0158666	0	0	0	0	0	
-0.0119	0	0	0	0	0	
-0.00793331	0	0	0	0	0	
-0.00396666	0	0	0	0	0	
8.32667e-017	0	0	0	0	0	
0.00396666	0	0	0	0	0	
0.00793331	0	0	0	0	0	
0.0119	0	0	0	0	0	
0.0158666	0	0	0	0	0	
0.0198333	0	0	0	0	0	
0.0237999	0	0	0	0	0	
0.0277666	0	0	0	0	0	
0.0317333	0	0	0	0	0	
0.0356999	0	0	0	0	0	
0.0396666	0	0	0	0	0	
0.0436332	0	0	0	0	0	
0.0475999	0	0	0	0	0	
0.0515665	0	0	0	0	0	
0.0555332	0	0	0	0	0	
0.0594999	0	0	0	0	0	
0.0634665	0	0	0	0	0	
0.0674332	0	0	0	0	0	
0.0713998	0	0	0	0	0	
0.0753665	0	0	0	0	0	
0.0793331	0	0	0	0	0	
0.0832998	0	0	0	0	0	
0.0872665	0	0	0	0	0	
0.0912331	0	0	0	0	0	
0.0951998	0	0	0	0	0	
0.0991664	0	0	0	0	0	
0.103133	0	0	0	0	0	
0.1071	0	0	0	0	0	
0.111066	0	0	0	0	0	
0.115033	0	0	0	0	0	
0.119	0	0	0	0	0	
0.122966	0	0	0	0	0	
0.126933	0	0	0	0	0	
0.1309	0	0	0	0	0	
0.134836	0	0	0	0	0	
0.138713	0	0	0	0	0	
0.142529	0	0	0	0	0	
0.146286	0	0	0	0	0	
0.149982	0	0	0	0	0	
0.153618	0	0	0	0	0	
0.157194	0	0	0	0	0	
0.16071	0	0	0	0	0	
0.164166	0	0	0	0	0	
0.167561	0	0	0	0	0	
0.170897	0	0	0	0	0	
0.174172	0	0	0	0	0	
0.177388	0	0	0	0	0	
0.180543	0	0	0	0	0	
0.183638	0	0	0	0	0	
0.186673	0	0	0	0	0	
0.189648	0	0	0	0	0	
0.192563	0	0	0	0	0	
0.195418	0	0	0	0	0	
0.198213	0	0	0	0	0	
0.200947	0	0	0	0	0	
0.203622	0	0	0	0	0	
0.206236	0	0	0	0	0	
0.20879	0	0	0	0	0	
0.211285	0	0	0	0	0	
0.213719	0	0	0	0	0	
0.216093	0	0	0	0	0	
0.218407	0	0	0	0	0	
0.22066	0	0	0	0	0	
0.222854	0	0	0	0	0	
0.224988	0	0	0	0	0	
0.227061	0	0	0	0	0	
0.229074	0	0	0	0	0	
0.231028	0	0	0	0	0	
0.232921	0	0	0	0	0	
0.234754	0	0	0	0	0	
0.236527	0	0	0	0	0	
0.23824	0	0	0	0	0	
0.239893	0	0	0	0	0	
0.241485	0	0	0	0	0	
0.243018	0	0	0	0	0	
0.24449	0	0	0	0	0	
0.245903	0	0	0	0	0	
0.247255	0	0	0	0	0	
0.248547	0	0	0	0	0	
0.249779	0	0	0	0	0	
0.250951	0	0	0	0	0	
0.252063	0	0	0	0	0	
0.253115	0	0	0	0	0	
0.254106	0	0	0	0	0	
0.255038	0	0	0	0	0	
0.25591	0	0	0	0	0	
0.256721	0	0	0	0	0	
0.257472	0	0	0	0	0	
0.258163	0	0	0	0	0	
0.258794	0	0	0	0	0	
0.259365	0	0	0	0	0	
0.259876	0	0	0	0	0	
0.260327	0	0	0	0	0	
0.260718	0	0	0	0	0	
0.261048	0	0	0	0	0	
0.261319	0	0	0	0	0	
0.261529	0	0	0	0	0	
0.261679	0	0	0	0	0	
0.261769	0	0	0	0	0	
0.261769	0	0	0	0	0	
0.261799	0	0	0	0	0	
0.261769	0	0	0	0	0	
0.261679	0	0	0	0	0	
0.261529	0	0	0	0	0	
0.261319	0	0	0	0	0	
0.261048	0	0	0	0	0	
0.260718	0	0	0	0	0	
0.260327	0	0	0	0	0	
0.259876	0	0	0	0	0	
0.259365	0	0	0	0	0	
0.258794	0	0	0	0	0	
0.258163	0	0	0	0	0	
0.257472	0	0	0	0	0	
0.256721	0	0	0	0	0	
0.25591	0	0	0	0	0	
0.255038	0	0	0	0	0	
0.254106	0	0	0	0	0	
0.253115	0	0	0	0	0	
0.252063	0	0	0	0	0	
0.250951	0	0	0	0	0	
0.249779	0	0	0	0	0	
0.248547	0	0	0	0	0	
0.247255	0	0	0	0	0	
0.245903	0	0	0	0	0	
0.24449	0	0	0	0	0	
0.243018	0	0	0	0	0	
0.241485	0	0	0	0	0	
0.239893	0	0	0	0	0	
0.23824	0	0	0	0	0	
0.236527	0	0	0	0	0	
0.234754	0	0	0	0	0	
0.232921	0	0	0	0	0	
0.231028	0	0	0	0	0	
0.229074	0	0	0	0	0	
0.227061	0	0	0	0	0	
0.224988	0	0	0	0	0	
0.222854	0	0	0	0	0	
0.22066	0	0	0	0	0	
0.218407	0	0	0	0	0	
0.216093	0	0	0	0	0	
0.213719	0	0	0	0	0	
0.211285	0	0	0	0	0	
0.20879	0	0	0	0	0	
0.206236	0	0	0	0	0	
0.203622	0	0	0	0	0	
0.200947	0	0	0	0	0	
0.198213	0	0	0	0	0	
0.195418	0	0	0	0	0	
0.192563	0	0	0	0	0	
0.189648	0	0	0	0	0	
0.186673	0	0	0	0	0	
0.183638	0	0	0	0	0	
0.180543	0	0	0	0	0	
0.177388	0	0	0	0	0	
0.174172	0	0	0	0	0	
0.170897	0	0	0	0	0	
0.167561	0	0	0	0	0	
0.164166	0	0	0	0	0	
0.16071	0	0	0	0	0	
0.157194	0	0	0	0	0	
0.153618	0	0	0	0	0	
0.149982	0	0	0	0	0	
0.146286	0	0	0	0	0	
0.142529	0	0	0	0	0	
0.138713	0	0	0	0	0	
0.134836	0	0	0	0	0	
0.1309	0	0	0	0	0	
0.126933	0	0	0	0	0	
0.122966	0	0	0	0	0	
0.119	0	0	0	0	0	
0.115033	0	0	0	0	0	
0.111066	0	0	0	0	0	
0.1071	0	0	0	0	0	
0.103133	0	0	0	0	0	
0.0991664	0	0	0	0	0	
0.0951998	0	0	0	0	0	
0.0912331	0	0	0	0	0	
0.0872665	0	0	0	0	0	
0.0832998	0	0	0	0	0	
0.0793331	0	0	0	0	0	
0.0753665	0	0	0	0	0	
0.0713998	0	0	0	0	0	
0.0674332	0	0	0	0	0	
0.0634665	0	0	0	0	0	
0.0594999	0	0	0	0	0	
0.0555332	0	0	0	0	0	
0.0515665	0	0	0	0	0	
0.0475999	0	0	0	0	0	
0.0436332	0	0	0	0	0	
0.0396666	0	0	0	0	0	
0.0356999	0	0	0	0	0	
0.0317333	0	0	0	0	0	
0.0277666	0	0	0	0	0	
0.0237999	0	0	0	0	0	
0.0198333	0	0	0	0	0	
0.0158666	0	0	0	0	0	
0.0119	0	0	0	0	0	
0.00793331	0	0	0	0	0	
0.00396666	0	0	0	0	0	
-8.32667e-017	0	0	0	0	0	
-0.00396666	0	0	0	0	0	
-0.00793331	0	0	0	0	0	
-0.0119	0	0	0	0	0	
-0.0158666	0	0	0	0	0	
-0.0198333	0	0	0	0	0	
-0.0237999	0	0	0	0	0	
-0.0277666	0	0	0	0	0	
-0.0317333	0	0	0	0	0	
-0.0356999	0	0	0	0	0	
-0.0396666	0	0	0	0	0	
-0.0436332	0	0	0	0	0	
-0.0475999	0	0	0	0	0	
-0.0515665	0	0	0	0	0	
-0.0555332	0	0	0	0	0	
-0.0594999	0	0	0	0	0	
-0.0634665	0	0	0	0	0	
-0.0674332	0	0	0	0	0	
-0.0713998	0	0	0	0	0	
-0.0753665	0	0	0	0	0	
-0.0793331	0	0	0	0	0	
-0.0832998	0	0	0	0	0	
-0.0872665	0	0	0	0	0	
-0.0912331	0	0	0	0	0	
-0.0951998	0	0	0	0	0	
-0.0991664	0	0	0	0	0	
-0.103133	0	0	0	0	0	
-0.1071	0	0	0	0	0	
-0.111066	0	0	0	0	0	
-0.115033	0	0	0	0	0	
-0.119	0	0	0	0	0	
-0.122966	0	0	0	0	0	
-0.126933	0	0	0	0	0	
-0.1309	0	0	0	0	0	
-0.134836	0	0	0	0	0	
-0.138713	0	0	0	0	0	
-0.142529	0	0	0	0	0	
-0.146286	0	0	0	0	0	
-0.149982	0	0	0	0	0	
-0.153618	0	0	0	0	0	
-0.157194	0	0	0	0	0	
-0.16071	0	0	0	0	0	
-0.164166	0	0	0	0	0	
-0.167561	0	0	0	0	0	
-0.170897	0	0	0	0	0	
-0.174172	0	0	0	0	0	
-0.177388	0	0	0	0	0	
-0.180543	0	0	0	0	0	
-0.183638	0	0	0	0	0	
-0.186673	0	0	0	0	0	
-0.189648	0	0	0	0	0	
-0.192563	0	0	0	0	0	
-0.195418	0	0	0	0	0	
-0.198213	0	0	0	0	0	
-0.200947	0	0	0	0	0	
-0.203622	0	0	0	0	0	
-0.206236	0	0	0	0	0	
-0.20879	0	0	0	0	0	
-0.211285	0	0	0	0	0	
-0.213719	0	0	0	0	0	
-0.216093	0	0	0	0	0	
-0.218407	0	0	0	0	0	
-0.22066	0	0	0	0	0	
-0.222854	0	0	0	0	0	
-0.224988	0	0	0	0	0	
-0.227061	0	0	0	0	0	
-0.229074	0	0	0	0	0	
-0.231028	0	0	0	0	0	
-0.232921	0	0	0	0	0	
-0.234754	0	0	0	0	0	
-0.236527	0	0	0	0	0	
-0.23824	0	0	0	0	0	
-0.239893	0	0	0	0	0	
-0.241485	0	0	0	0	0	
-0.243018	0	0	0	0	0	
-0.24449	0	0	0	0	0	
-0.245903	0	0	0	0	0	
-0.247255	0	0	0	0	0	
-0.248547	0	0	0	0	0	
-0.249779	0	0	0	0	0	
-0.250951	0	0	0	0	0	
-0.252063	0	0	0	0	0	
-0.253115	0	0	0	0	0	
-0.254106	0	0	0	0	0	
-0.255038	0	0	0	0	0	
-0.25591	0	0	0	0	0	
-0.256721	0	0	0	0	0	
-0.257472	0	0	0	0	0	
-0.258163	0	0	0	0	0	
-0.258794	0	0	0	0	0	
-0.259365	0	0	0	0	0	
-0.259876	0	0	0	0	0	
-0.260327	0	0	0	0	0	
-0.260718	0	0	0	0	0	
-0.261048	0	0	0	0	0	
-0.261319	0	0	0	0	0	
-0.261529	0	0	0	0	0	
-0.261679	0	0	0	0	0	
-0.261769	0	0	0	0	0	
-0.261769	0	0	0	0	0	
-0.261799	0	0	0	0	0	
-0.261739	0	0	0	0	0	
-0.261559	0	0	0	0	0	
-0.261258	0	0	0	0	0	
-0.260838	0	0	0	0	0	
-0.260297	0	0	0	0	0	
-0.259636	0	0	0	0	0	
-0.258854	0	0	0	0	0	
-0.257953	0	0	0	0	0	
-0.256931	0	0	0	0	0	
-0.255789	0	0	0	0	0	
-0.254527	0	0	0	0	0	
-0.253145	0	0	0	0	0	
-0.251642	0	0	0	0	0	
-0.25002	0	0	0	0	0	
-0.248277	0	0	0	0	0	
-0.246414	0	0	0	0	0	
-0.24443	0	0	0	0	0	
-0.242327	0	0	0	0	0	
-0.240103	0	0	0	0	0	
-0.237759	0	0	0	0	0	
-0.235295	0	0	0	0	0	
-0.232711	0	0	0	0	0	
-0.230006	0	0	0	0	0	
-0.227181	0	0	0	0	0	
-0.224236	0	0	0	0	0	
-0.221171	0	0	0	0	0	
-0.217986	0	0	0	0	0	
-0.21468	0	0	0	0	0	
-0.211255	0	0	0	0	0	
-0.207709	0	0	0	0	0	
-0.204042	0	0	0	0	0	
-0.200256	0	0	0	0	0	
-0.19635	0	0	0	0	0	
-0.192383	0	0	0	0	0	
-0.188416	0	0	0	0	0	
-0.18445	0	0	0	0	0	
-0.180483	0	0	0	0	0	
-0.176516	0	0	0	0	0	
-0.17255	0	0	0	0	0	
-0.168583	0	0	0	0	0	
-0.164616	0	0	0	0	0	
-0.16065	0	0	0	0	0	
-0.156683	0	0	0	0	0	
-0.152716	0	0	0	0	0	
-0.14875	0	0	0	0	0	
-0.144783	0	0	0	0	0	
-0.140816	0	0	0	0	0	
-0.13685	0	0	0	0	0	
-0.132883	0	0	0	0	0	
-0.128916	0	0	0	0	0	
-0.12495	0	0	0	0	0	
-0.120983	0	0	0	0	0	
-0.117016	0	0	0	0	0	
-0.11305	0	0	0	0	0	
-0.109083	0	0	0	0	0	
-0.105116	0	0	0	0	0	
-0.10115	0	0	0	0	0	
-0.0971831	0	0	0	0	0	
-0.0932164	0	0	0	0	0	
-0.0892498	0	0	0	0	0	
-0.0852831	0	0	0	0	0	
-0.0813165	0	0	0	0	0	
-0.0773498	0	0	0	0	0	
-0.0733832	0	0	0	0	0	
-0.0694165	0	0	0	0	0	
-0.0654498	0	0	0	0	0	
-0.0615433	0	0	0	0	0	
-0.0577569	0	0	0	0	0	
-0.0540908	0	0	0	0	0	
-0.0505448	0	0	0	0	0	
-0.0471191	0	0	0	0	0	
-0.0438135	0	0	0	0	0	
-0.0406282	0	0	0	0	0	
-0.037563	0	0	0	0	0	
-0.0346181	0	0	0	0	0	
-0.0317934	0	0	0	0	0	
-0.0290888	0	0	0	0	0	
-0.0265045	0	0	0	0	0	
-0.0240403	0	0	0	0	0	
-0.0216964	0	0	0	0	0	
-0.0194727	0	0	0	0	0	
-0.0173692	0	0	0	0	0	
-0.0153858	0	0	0	0	0	
-0.0135227	0	0	0	0	0	
-0.0117798	0	0	0	0	0	
-0.010157	0	0	0	0	0	
-0.00865453	0	0	0	0	0	
-0.00727221	0	0	0	0	0	
-0.00601009	0	0	0	0	0	
-0.00486817	0	0	0	0	0	
-0.00384646	0	0	0	0	0	
-0.00294494	0	0	0	0	0	
-0.00216363	0	0	0	0	0	
-0.00150252	0	0	0	0	0	
-0.000961614	0	0	0	0	0	
-0.000540908	0	0	0	0	0	
-0.000240403	0	0	0	0	0	
-6.01009e-005	0	0	0	0	0	
-6.01009e-005	0	0	0	0	0	
0	0	0	0	0	0	
0	4.00672e-005	0	0	0	0	
0	0.000160269	0	0	0	0	
0	0.000360605	0	0	0	0	
0	0.000641076	0	0	0	0	
0	0.00100168	0	0	0	0	
0	0.00144242	0	0	0	0	
0	0.0019633	0	0	0	0	
0	0.0025643	0	0	0	0	
0	0.00324545	0	0	0	0	
0	0.00400672	0	0	0	0	
0	0.00484814	0	0	0	0	
0	0.00576968	0	0	0	0	
0	0.00677136	0	0	0	0	
0	0.00785318	0	0	0	0	
0	0.00901513	0	0	0	0	
0	0.0102572	0	0	0	0	
0	0.0115794	0	0	0	0	
0	0.0129818	0	0	0	0	
0	0.0144643	0	0	0	0	
0	0.0160269	0	0	0	0	
0	0.0176697	0	0	0	0	
0	0.0193925	0	0	0	0	
0	0.0211956	0	0	0	0	
0	0.0230787	0	0	0	0	
0	0.025042	0	0	0	0	
0	0.0270855	0	0	0	0	
0	0.029209	0	0	0	0	
0	0.0314127	0	0	0	0	
0	0.0336966	0	0	0	0	
0	0.0360605	0	0	0	0	
0	0.0385046	0	0	0	0	
0	0.0410289	0	0	0	0	
0	0.0436332	0	0	0	0	
0	0.0462777	0	0	0	0	
0	0.0489221	0	0	0	0	
0	0.0515665	0	0	0	0	
0	0.054211	0	0	0	0	
0	0.0568554	0	0	0	0	
0	0.0594999	0	0	0	0	
0	0.0621443	0	0	0	0	
0	0.0647887	0	0	0	0	
0	0.0674332	0	0	0	0	
0	0.0700776	0	0	0	0	
0	0.072722	0	0	0	0	
0	0.0753665	0	0	0	0	
0	0.0780109	0	0	0	0	
0	0.0806554	0	0	0	0	
0	0.0832998	0	0	0	0	
0	0.0859442	0	0	0	0	
0	0.0885887	0	0	0	0	
0	0.0912331	0	0	0	0	
0	0.0938776	0	0	0	0	
0	0.096522	0	0	0	0	
0	0.0991664	0	0	0	0	
0	0.101811	0	0	0	0	
0	0.104455	0	0	0	0	
0	0.1071	0	0	0	0	
0	0.109744	0	0	0	0	
0	0.112389	0	0	0	0	
0	0.115033	0	0	0	0	
0	0.117678	0	0	0	0	
0	0.120322	0	0	0	0	
0	0.122966	0	0	0	0	
0	0.125611	0	0	0	0	
0	0.128255	0	0	0	0	
0	0.1309	0	0	0	0	
0	0.133504	0	0	0	0	
0	0.136028	0	0	0	0	
0	0.138472	0	0	0	0	
0	0.140836	0	0	0	0	
0	0.14312	0	0	0	0	
0	0.145324	0	0	0	0	
0	0.147447	0	0	0	0	
0	0.149491	0	0	0	0	
0	0.151454	0	0	0	0	
0	0.153337	0	0	0	0	
0	0.15514	0	0	0	0	
0	0.156863	0	0	0	0	
0	0.158506	0	0	0	0	
0	0.160069	0	0	0	0	
0	0.161551	0	0	0	0	
0	0.162953	0	0	0	0	
0	0.164276	0	0	0	0	
0	0.165518	0	0	0	0	
0	0.16668	0	0	0	0	
0	0.167762	0	0	0	0	
0	0.168763	0	0	0	0	
0	0.169685	0	0	0	0	
0	0.170526	0	0	0	0	
0	0.171287	0	0	0	0	
0	0.171969	0	0	0	0	
0	0.17257	0	0	0	0	
0	0.173091	0	0	0	0	
0	0.173531	0	0	0	0	
0	0.173892	0	0	0	0	
0	0.174172	0	0	0	0	
0	0.174373	0	0	0	0	
0	0.174493	0	0	0	0	
0	0.174493	0	0	0	0	
0	0.174533	0	0	0	0	
0	0.174513	0	0	0	0	
0	0.174453	0	0	0	0	
0	0.174353	0	0	0	0	
0	0.174212	0	0	0	0	
0	0.174032	0	0	0	0	
0	0.173812	0	0	0	0	
0	0.173551	0	0	0	0	
0	0.173251	0	0	0	0	
0	0.17291	0	0	0	0	
0	0.17253	0	0	0	0	
0	0.172109	0	0	0	0	
0	0.171648	0	0	0	0	
0	0.171147	0	0	0	0	
0	0.170606	0	0	0	0	
0	0.170025	0	0	0	0	
0	0.169404	0	0	0	0	
0	0.168743	0	0	0	0	
0	0.168042	0	0	0	0	
0	0.167301	0	0	0	0	
0	0.166519	0	0	0	0	
0	0.165698	0	0	0	0	
0	0.164837	0	0	0	0	
0	0.163935	0	0	0	0	
0	0.162994	0	0	0	0	
0	0.162012	0	0	0	0	
0	0.16099	0	0	0	0	
0	0.159928	0	0	0	0	
0	0.158827	0	0	0	0	
0	0.157685	0	0	0	0	
0	0.156503	0	0	0	0	
0	0.155281	0	0	0	0	
0	0.154018	0	0	0	0	
0	0.152716	0	0	0	0	
0	0.151374	0	0	0	0	
0	0.149992	0	0	0	0	
0	0.148569	0	0	0	0	
0	0.147107	0	0	0	0	
0	0.145604	0	0	0	0	
0	0.144062	0	0	0	0	
0	0.142479	0	0	0	0	
0	0.140856	0	0	0	0	
0	0.139194	0	0	0	0	
0	0.137491	0	0	0	0	
0	0.135748	0	0	0	0	
0	0.133965	0	0	0	0	
0	0.132142	0	0	0	0	
0	0.130279	0	0	0	0	
0	0.128375	0	0	0	0	
0	0.126432	0	0	0	0	
0	0.124449	0	0	0	0	
0	0.122425	0	0	0	0	
0	0.120362	0	0	0	0	
0	0.118258	0	0	0	0	
0	0.116115	0	0	0	0	
0	0.113931	0	0	0	0	
0	0.111707	0	0	0	0	
0	0.109444	0	0	0	0	
0	0.10714	0	0	0	0	
0	0.104796	0	0	0	0	
0	0.102412	0	0	0	0	
0	0.0999878	0	0	0	0	
0	0.0975237	0	0	0	0	
0	0.0950195	0	0	0	0	
0	0.0924752	0	0	0	0	
0	0.0898909	0	0	0	0	
0	0.0872665	0	0	0	0	
0	0.084622	0	0	0	0	
0	0.0819776	0	0	0	0	
0	0.0793331	0	0	0	0	
0	0.0766887	0	0	0	0	
0	0.0740443	0	0	0	0	
0	0.0713998	0	0	0	0	
0	0.0687554	0	0	0	0	
0	0.066111	0	0	0	0	
0	0.0634665	0	0	0	0	
0	0.0608221	0	0	0	0	
0	0.0581776	0	0	0	0	
0	0.0555332	0	0	0	0	
0	0.0528888	0	0	0	0	
0	0.0502443	0	0	0	0	
0	0.0475999	0	0	0	0	
0	0.0449554	0	0	0	0	
0	0.042311	0	0	0	0	
0	0.0396666	0	0	0	0	
0	0.0370221	0	0	0	0	
0	0.0343777	0	0	0	0	
0	0.0317333	0	0	0	0	
0	0.0290888	0	0	0	0	
0	0.0264444	0	0	0	0	
0	0.0237999	0	0	0	0	
0	0.0211555	0	0	0	0	
0	0.0185111	0	0	0	0	
0	0.0158666	0	0	0	0	
0	0.0132222	0	0	0	0	
0	0.0105778	0	0	0	0	
0	0.00793331	0	0	0	0	
0	0.00528888	0	0	0	0	
0	0.00264444	0	0	0	0	
0	0	0	0	0	0	
0	-0.00264444	0	0	0	0	
0	-0.00528888	0	0	0	0	
0	-0.00793331	0	0	0	0	
0	-0.0105778	0	0	0	0	
0	-0.0132222	0	0	0	0	
0	-0.0158666	0	0	0	0	
0	-0.0185111	0	0	0	0	
0	-0.0211555	0	0	0	0	
0	-0.0237999	0	0	0	0	
0	-0.0264444	0	0	0	0	
0	-0.0290888	0	0	0	0	
0	-0.0317333	0	0	0	0	
0	-0.0343777	0	0	0	0	
0	-0.0370221	0	0	0	0	
0	-0.0396666	0	0	0	0	
0	-0.042311	0	0	0	0	
0	-0.0449554	0	0	0	0	
0	-0.0475999	0	0	0	0	
0	-0.0502443	0	0	0	0	
0	-0.0528888	0	0	0	0	
0	-0.0555332	0	0	0	0	
0	-0.0581776	0	0	0	0	
0	-0.0608221	0	0	0	0	
0	-0.0634665	0	0	0	0	
0	-0.066111	0	0	0	0	
0	-0.0687554	0	0	0	0	
0	-0.0713998	0	0	0	0	
0	-0.0740443	0	0	0	0	
0	-0.0766887	0	0	0	0	
0	-0.0793331	0	0	0	0	
0	-0.0819776	0	0	0	0	
0	-0.084622	0	0	0	0	
0	-0.0872665	0	0	0	0	
0	-0.0898909	0	0	0	0	
0	-0.0924752	0	0	0	0	
0	-0.0950195	0	0	0	0	
0	-0.0975237	0	0	0	0	
0	-0.0999878	0	0	0	0	
0	-0.102412	0	0	0	0	
0	-0.104796	0	0	0	0	
0	-0.10714	0	0	0	0	
0	-0.109444	0	0	0	0	
0	-0.111707	0	0	0	0	
0	-0.113931	0	0	0	0	
0	-0.116115	0	0	0	0	
0	-0.118258	0	0	0	0	
0	-0.120362	0	0	0	0	
0	-0.122425	0	0	0	0	
0	-0.124449	0	0	0	0	
0	-0.126432	0	0	0	0	
0	-0.128375	0	0	0	0	
0	-0.130279	0	0	0	0	
0	-0.132142	0	0	0	0	
0	-0.133965	0	0	0	0	
0	-0.135748	0	0	0	0	
0	-0.137491	0	0	0	0	
0	-0.139194	0	0	0	0	
0	-0.140856	0	0	0	0	
0	-0.142479	0	0	0	0	
0	-0.144062	0	0	0	0	
0	-0.145604	0	0	0	0	
0	-0.147107	0	0	0	0	
0	-0.148569	0	0	0	0	
0	-0.149992	0	0	0	0	
0	-0.151374	0	0	0	0	
0	-0.152716	0	0	0	0	
0	-0.154018	0	0	0	0	
0	-0.155281	0	0	0	0	
0	-0.156503	0	0	0	0	
0	-0.157685	0	0	0	0	
0	-0.158827	0	0	0	0	
0	-0.159928	0	0	0	0	
0	-0.16099	0	0	0	0	
0	-0.162012	0	0	0	0	
0	-0.162994	0	0	0	0	
0	-0.163935	0	0	0	0	
0	-0.164837	0	0	0	0	
0	-0.165698	0	0	0	0	
0	-0.166519	0	0	0	0	
0	-0.167301	0	0	0	0	
0	-0.168042	0	0	0	0	
0	-0.168743	0	0	0	0	
0	-0.169404	0	0	0	0	
0	-0.170025	0	0	0	0	
0	-0.170606	0	0	0	0	
0	-0.171147	0	0	0	0	
0	-0.171648	0	0	0	0	
0	-0.172109	0	0	0	0	
0	-0.17253	0	0	0	0	
0	-0.17291	0	0	0	0	
0	-0.173251	0	0	0	0	
0	-0.173551	0	0	0	0	
0	-0.173812	0	0	0	0	
0	-0.174032	0	0	0	0	
0	-0.174212	0	0	0	0	
0	-0.174353	0	0	0	0	
0	-0.174453	0	0	0	0	
0	-0.174513	0	0	0	0	
0	-0.174513	0	0	0	0	
0	-0.174533	0	0	0	0	
0	-0.174513	0	0	0	0	
0	-0.174453	0	0	0	0	
0	-0.174353	0	0	0	0	
0	-0.174212	0	0	0	0	
0	-0.174032	0	0	0	0	
0	-0.173812	0	0	0	0	
0	-0.173551	0	0	0	0	
0	-0.173251	0	0	0	0	
0	-0.17291	0	0	0	0	
0	-0.17253	0	0	0	0	
0	-0.172109	0	0	0	0	
0	-0.171648	0	0	0	0	
0	-0.171147	0	0	0	0	
0	-0.170606	0	0	0	0	
0	-0.170025	0	0	0	0	
0	-0.169404	0	0	0	0	
0	-0.168743	0	0	0	0	
0	-0.168042	0	0	0	0	
0	-0.167301	0	0	0	0	
0	-0.166519	0	0	0	0	
0	-0.165698	0	0	0	0	
0	-0.164837	0	0	0	0	
0	-0.163935	0	0	0	0	
0	-0.162994	0	0	0	0	
0	-0.162012	0	0	0	0	
0	-0.16099	0	0	0	0	
0	-0.159928	0	0	0	0	
0	-0.158827	0	0	0	0	
0	-0.157685	0	0	0	0	
0	-0.156503	0	0	0	0	
0	-0.155281	0	0	0	0	
0	-0.154018	0	0	0	0	
0	-0.152716	0	0	0	0	
0	-0.151374	0	0	0	0	
0	-0.149992	0	0	0	0	
0	-0.148569	0	0	0	0	
0	-0.147107	0	0	0	0	
0	-0.145604	0	0	0	0	
0	-0.144062	0	0	0	0	
0	-0.142479	0	0	0	0	
0	-0.140856	0	0	0	0	
0	-0.139194	0	0	0	0	
0	-0.137491	0	0	0	0	
0	-0.135748	0	0	0	0	
0	-0.133965	0	0	0	0	
0	-0.132142	0	0	0	0	
0	-0.130279	0	0	0	0	
0	-0.128375	0	0	0	0	
0	-0.126432	0	0	0	0	
0	-0.124449	0	0	0	0	
0	-0.122425	0	0	0	0	
0	-0.120362	0	0	0	0	
0	-0.118258	0	0	0	0	
0	-0.116115	0	0	0	0	
0	-0.113931	0	0	0	0	
0	-0.111707	0	0	0	0	
0	-0.109444	0	0	0	0	
0	-0.10714	0	0	0	0	
0	-0.104796	0	0	0	0	
0	-0.102412	0	0	0	0	
0	-0.0999878	0	0	0	0	
0	-0.0975237	0	0	0	0	
0	-0.0950195	0	0	0	0	
0	-0.0924752	0	0	0	0	
0	-0.0898909	0	0	0	0	
0	-0.0872665	0	0	0	0	
0	-0.084622	0	0	0	0	
0	-0.0819776	0	0	0	0	
0	-0.0793331	0	0	0	0	
0	-0.0766887	0	0	0	0	
0	-0.0740443	0	0	0	0	
0	-0.0713998	0	0	0	0	
0	-0.0687554	0	0	0	0	
0	-0.066111	0	0	0	0	
0	-0.0634665	0	0	0	0	
0	-0.0608221	0	0	0	0	
0	-0.0581776	0	0	0	0	
0	-0.0555332	0	0	0	0	
0	-0.0528888	0	0	0	0	
0	-0.0502443	0	0	0	0	
0	-0.0475999	0	0	0	0	
0	-0.0449554	0	0	0	0	
0	-0.042311	0	0	0	0	
0	-0.0396666	0	0	0	0	
0	-0.0370221	0	0	0	0	
0	-0.0343777	0	0	0	0	
0	-0.0317333	0	0	0	0	
0	-0.0290888	0	0	0	0	
0	-0.0264444	0	0	0	0	
0	-0.0237999	0	0	0	0	
0	-0.0211555	0	0	0	0	
0	-0.0185111	0	0	0	0	
0	-0.0158666	0	0	0	0	
0	-0.0132222	0	0	0	0	
0	-0.0105778	0	0	0	0	
0	-0.00793331	0	0	0	0	
0	-0.00528888	0	0	0	0	
0	-0.00264444	0	0	0	0	
0	0	0	0	0	0	
0	0.00264444	0	0	0	0	
0	0.00528888	0	0	0	0	
0	0.00793331	0	0	0	0	
0	0.0105778	0	0	0	0	
0	0.0132222	0	0	0	0	
0	0.0158666	0	0	0	0	
0	0.0185111	0	0	0	0	
0	0.0211555	0	0	0	0	
0	0.0237999	0	0	0	0	
0	0.0264444	0	0	0	0	
0	0.0290888	0	0	0	0	
0	0.0317333	0	0	0	0	
0	0.0343777	0	0	0	0	
0	0.0370221	0	0	0	0	
0	0.0396666	0	0	0	0	
0	0.042311	0	0	0	0	
0	0.0449554	0	0	0	0	
0	0.0475999	0	0	0	0	
0	0.0502443	0	0	0	0	
0	0.0528888	0	0	0	0	
0	0.0555332	0	0	0	0	
0	0.0581776	0	0	0	0	
0	0.0608221	0	0	0	0	
0	0.0634665	0	0	0	0	
0	0.066111	0	0	0	0	
0	0.0687554	0	0	0	0	
0	0.0713998	0	0	0	0	
0	0.0740443	0	0	0	0	
0	0.0766887	0	0	0	0	
0	0.0793331	0	0	0	0	
0	0.0819776	0	0	0	0	
0	0.084622	0	0	0	0	
0	0.0872665	0	0	0	0	
0	0.0898909	0	0	0	0	
0	0.0924752	0	0	0	0	
0	0.0950195	0	0	0	0	
0	0.0975237	0	0	0	0	
0	0.0999878	0	0	0	0	
0	0.102412	0	0	0	0	
0	0.104796	0	0	0	0	
0	0.10714	0	0	0	0	
0	0.109444	0	0	0	0	
0	0.111707	0	0	0	0	
0	0.113931	0	0	0	0	
0	0.116115	0	0	0	0	
0	0.118258	0	0	0	0	
0	0.120362	0	0	0	0	
0	0.122425	0	0	0	0	
0	0.124449	0	0	0	0	
0	0.126432	0	0	0	0	
0	0.128375	0	0	0	0	
0	0.130279	0	0	0	0	
0	0.132142	0	0	0	0	
0	0.133965	0	0	0	0	
0	0.135748	0	0	0	0	
0	0.137491	0	0	0	0	
0	0.139194	0	0	0	0	
0	0.140856	0	0	0	0	
0	0.142479	0	0	0	0	
0	0.144062	0	0	0	0	
0	0.145604	0	0	0	0	
0	0.147107	0	0	0	0	
0	0.148569	0	0	0	0	
0	0.149992	0	0	0	0	
0	0.151374	0	0	0	0	
0	0.152716	0	0	0	0	
0	0.154018	0	0	0	0	
0	0.155281	0	0	0	0	
0	0.156503	0	0	0	0	
0	0.157685	0	0	0	0	
0	0.158827	0	0	0	0	
0	0.159928	0	0	0	0	
0	0.16099	0	0	0	0	
0	0.162012	0	0	0	0	
0	0.162994	0	0	0	0	
0	0.163935	0	0	0	0	
0	0.164837	0	0	0	0	
0	0.165698	0	0	0	0	
0	0.166519	0	0	0	0	
0	0.167301	0	0	0	0	
0	0.168042	0	0	0	0	
0	0.168743	0	0	0	0	
0	0.169404	0	0	0	0	
0	0.170025	0	0	0	0	
0	0.170606	0	0	0	0	
0	0.171147	0	0	0	0	
0	0.171648	0	0	0	0	
0	0.172109	0	0	0	0	
0	0.17253	0	0	0	0	
0	0.17291	0	0	0	0	
0	0.173251	0	0	0	0	
0	0.173551	0	0	0	0	
0	0.173812	0	0	0	0	
0	0.174032	0	0	0	0	
0	0.174212	0	0	0	0	
0	0.174353	0	0	0	0	
0	0.174453	0	0	0	0	
0	0.174513	0	0	0	0	
0	0.174513	0	0	0	0	
0	0.174533	0	0	0	0	
0	0.174513	0	0	0	0	
0	0.174453	0	0	0	0	
0	0.174353	0	0	0	0	
0	0.174212	0	0	0	0	
0	0.174032	0	0	0	0	
0	0.173812	0	0	0	0	
0	0.173551	0	0	0	0	
0	0.173251	0	0	0	0	
0	0.17291	0	0	0	0	
0	0.17253	0	0	0	0	
0	0.172109	0	0	0	0	
0	0.171648	0	0	0	0	
0	0.171147	0	0	0	0	
0	0.170606	0	0	0	0	
0	0.170025	0	0	0	0	
0	0.169404	0	0	0	0	
0	0.168743	0	0	0	0	
0	0.168042	0	0	0	0	
0	0.167301	0	0	0	0	
0	0.166519	0	0	0	0	
0	0.165698	0	0	0	0	
0	0.164837	0	0	0	0	
0	0.163935	0	0	0	0	
0	0.162994	0	0	0	0	
0	0.162012	0	0	0	0	
0	0.16099	0	0	0	0	
0	0.159928	0	0	0	0	
0	0.158827	0	0	0	0	
0	0.157685	0	0	0	0	
0	0.156503	0	0	0	0	
0	0.155281	0	0	0	0	
0	0.154018	0	0	0	0	
0	0.152716	0	0	0	0	
0	0.151374	0	0	0	0	
0	0.149992	0	0	0	0	
0	0.148569	0	0	0	0	
0	0.147107	0	0	0	0	
0	0.145604	0	0	0	0	
0	0.144062	0	0	0	0	
0	0.142479	0	0	0	0	
0	0.140856	0	0	0	0	
0	0.139194	0	0	0	0	
0	0.137491	0	0	0	0	
0	0.135748	0	0	0	0	
0	0.133965	0	0	0	0	
0	0.132142	0	0	0	0	
0	0.130279	0	0	0	0	
0	0.128375	0	0	0	0	
0	0.126432	0	0	0	0	
0	0.124449	0	0	0	0	
0	0.122425	0	0	0	0	
0	0.120362	0	0	0	0	
0	0.118258	0	0	0	0	
0	0.116115	0	0	0	0	
0	0.113931	0	0	0	0	
0	0.111707	0	0	0	0	
0	0.109444	0	0	0	0	
0	0.10714	0	0	0	0	
0	0.104796	0	0	0	0	
0	0.102412	0	0	0	0	
0	0.0999878	0	0	0	0	
0	0.0975237	0	0	0	0	
0	0.0950195	0	0	0	0	
0	0.0924752	0	0	0	0	
0	0.0898909	0	0	0	0	
0	0.0872665	0	0	0	0	
0	0.084622	0	0	0	0	
0	0.0819776	0	0	0	0	
0	0.0793331	0	0	0	0	
0	0.0766887	0	0	0	0	
0	0.0740443	0	0	0	0	
0	0.0713998	0	0	0	0	
0	0.0687554	0	0	0	0	
0	0.066111	0	0	0	0	
0	0.0634665	0	0	0	0	
0	0.0608221	0	0	0	0	
0	0.0581776	0	0	0	0	
0	0.0555332	0	0	0	0	
0	0.0528888	0	0	0	0	
0	0.0502443	0	0	0	0	
0	0.0475999	0	0	0	0	
0	0.0449554	0	0	0	0	
0	0.042311	0	0	0	0	
0	0.0396666	0	0	0	0	
0	0.0370221	0	0	0	0	
0	0.0343777	0	0	0	0	
0	0.0317333	0	0	0	0	
0	0.0290888	0	0	0	0	
0	0.0264444	0	0	0	0	
0	0.0237999	0	0	0	0	
0	0.0211555	0	0	0	0	
0	0.0185111	0	0	0	0	
0	0.0158666	0	0	0	0	
0	0.0132222	0	0	0	0	
0	0.0105778	0	0	0	0	
0	0.00793331	0	0	0	0	
0	0.00528888	0	0	0	0	
0	0.00264444	0	0	0	0	
0	0	0	0	0	0	
0	-0.00264444	0	0	0	0	
0	-0.00528888	0	0	0	0	
0	-0.00793331	0	0	0	0	
0	-0.0105778	0	0	0	0	
0	-0.0132222	0	0	0	0	
0	-0.0158666	0	0	0	0	
0	-0.0185111	0	0	0	0	
0	-0.0211555	0	0	0	0	
0	-0.0237999	0	0	0	0	
0	-0.0264444	0	0	0	0	
0	-0.0290888	0	0	0	0	
0	-0.0317333	0	0	0	0	
0	-0.0343777	0	0	0	0	
0	-0.0370221	0	0	0	0	
0	-0.0396666	0	0	0	0	
0	-0.042311	0	0	0	0	
0	-0.0449554	0	0	0	0	
0	-0.0475999	0	0	0	0	
0	-0.0502443	0	0	0	0	
0	-0.0528888	0	0	0	0	
0	-0.0555332	0	0	0	0	
0	-0.0581776	0	0	0	0	
0	-0.0608221	0	0	0	0	
0	-0.0634665	0	0	0	0	
0	-0.066111	0	0	0	0	
0	-0.0687554	0	0	0	0	
0	-0.0713998	0	0	0	0	
0	-0.0740443	0	0	0	0	
0	-0.0766887	0	0	0	0	
0	-0.0793331	0	0	0	0	
0	-0.0819776	0	0	0	0	
0	-0.084622	0	0	0	0	
0	-0.0872665	0	0	0	0	
0	-0.0898909	0	0	0	0	
0	-0.0924752	0	0	0	0	
0	-0.0950195	0	0	0	0	
0	-0.0975237	0	0	0	0	
0	-0.0999878	0	0	0	0	
0	-0.102412	0	0	0	0	
0	-0.104796	0	0	0	0	
0	-0.10714	0	0	0	0	
0	-0.109444	0	0	0	0	
0	-0.111707	0	0	0	0	
0	-0.113931	0	0	0	0	
0	-0.116115	0	0	0	0	
0	-0.118258	0	0	0	0	
0	-0.120362	0	0	0	0	
0	-0.122425	0	0	0	0	
0	-0.124449	0	0	0	0	
0	-0.126432	0	0	0	0	
0	-0.128375	0	0	0	0	
0	-0.130279	0	0	0	0	
0	-0.132142	0	0	0	0	
0	-0.133965	0	0	0	0	
0	-0.135748	0	0	0	0	
0	-0.137491	0	0	0	0	
0	-0.139194	0	0	0	0	
0	-0.140856	0	0	0	0	
0	-0.142479	0	0	0	0	
0	-0.144062	0	0	0	0	
0	-0.145604	0	0	0	0	
0	-0.147107	0	0	0	0	
0	-0.148569	0	0	0	0	
0	-0.149992	0	0	0	0	
0	-0.151374	0	0	0	0	
0	-0.152716	0	0	0	0	
0	-0.154018	0	0	0	0	
0	-0.155281	0	0	0	0	
0	-0.156503	0	0	0	0	
0	-0.157685	0	0	0	0	
0	-0.158827	0	0	0	0	
0	-0.159928	0	0	0	0	
0	-0.16099	0	0	0	0	
0	-0.162012	0	0	0	0	
0	-0.162994	0	0	0	0	
0	-0.163935	0	0	0	0	
0	-0.164837	0	0	0	0	
0	-0.165698	0	0	0	0	
0	-0.166519	0	0	0	0	
0	-0.167301	0	0	0	0	
0	-0.168042	0	0	0	0	
0	-0.168743	0	0	0	0	
0	-0.169404	0	0	0	0	
0	-0.170025	0	0	0	0	
0	-0.170606	0	0	0	0	
0	-0.171147	0	0	0	0	
0	-0.171648	0	0	0	0	
0	-0.172109	0	0	0	0	
0	-0.17253	0	0	0	0	
0	-0.17291	0	0	0	0	
0	-0.173251	0	0	0	0	
0	-0.173551	0	0	0	0	
0	-0.173812	0	0	0	0	
0	-0.174032	0	0	0	0	
0	-0.174212	0	0	0	0	
0	-0.174353	0	0	0	0	
0	-0.174453	0	0	0	0	
0	-0.174513	0	0	0	0	
0	-0.174513	0	0	0	0	
0	-0.174533	0	0	0	0	
0	-0.174493	0	0	0	0	
0	-0.174373	0	0	0	0	
0	-0.174172	0	0	0	0	
0	-0.173892	0	0	0	0	
0	-0.173531	0	0	0	0	
0	-0.173091	0	0	0	0	
0	-0.17257	0	0	0	0	
0	-0.171969	0	0	0	0	
0	-0.171287	0	0	0	0	
0	-0.170526	0	0	0	0	
0	-0.169685	0	0	0	0	
0	-0.168763	0	0	0	0	
0	-0.167762	0	0	0	0	
0	-0.16668	0	0	0	0	
0	-0.165518	0	0	0	0	
0	-0.164276	0	0	0	0	
0	-0.162953	0	0	0	0	
0	-0.161551	0	0	0	0	
0	-0.160069	0	0	0	0	
0	-0.158506	0	0	0	0	
0	-0.156863	0	0	0	0	
0	-0.15514	0	0	0	0	
0	-0.153337	0	0	0	0	
0	-0.151454	0	0	0	0	
0	-0.149491	0	0	0	0	
0	-0.147447	0	0	0	0	
0	-0.145324	0	0	0	0	
0	-0.14312	0	0	0	0	
0	-0.140836	0	0	0	0	
0	-0.138472	0	0	0	0	
0	-0.136028	0	0	0	0	
0	-0.133504	0	0	0	0	
0	-0.1309	0	0	0	0	
0	-0.128255	0	0	0	0	
0	-0.125611	0	0	0	0	
0	-0.122966	0	0	0	0	
0	-0.120322	0	0	0	0	
0	-0.117678	0	0	0	0	
0	-0.115033	0	0	0	0	
0	-0.112389	0	0	0	0	
0	-0.109744	0	0	0	0	
0	-0.1071	0	0	0	0	
0	-0.104455	0	0	0	0	
0	-0.101811	0	0	0	0	
0	-0.0991664	0	0	0	0	
0	-0.096522	0	0	0	0	
0	-0.0938776	0	0	0	0	
0	-0.0912331	0	0	0	0	
0	-0.0885887	0	0	0	0	
0	-0.0859442	0	0	0	0	
0	-0.0832998	0	0	0	0	
0	-0.0806554	0	0	0	0	
0	-0.0780109	0	0	0	0	
0	-0.0753665	0	0	0	0	
0	-0.072722	0	0	0	0	
0	-0.0700776	0	0	0	0	
0	-0.0674332	0	0	0	0	
0	-0.0647887	0	0	0	0	
0	-0.0621443	0	0	0	0	
0	-0.0594999	0	0	0	0	
0	-0.0568554	0	0	0	0	
0	-0.054211	0	0	0	0	
0	-0.0515665	0	0	0	0	
0	-0.0489221	0	0	0	0	
0	-0.0462777	0	0	0	0	
0	-0.0436332	0	0	0	0	
0	-0.0410289	0	0	0	0	
0	-0.0385046	0	0	0	0	
0	-0.0360605	0	0	0	0	
0	-0.0336966	0	0	0	0	
0	-0.0314127	0	0	0	0	
0	-0.029209	0	0	0	0	
0	-0.0270855	0	0	0	0	
0	-0.025042	0	0	0	0	
0	-0.0230787	0	0	0	0	
0	-0.0211956	0	0	0	0	
0	-0.0193925	0	0	0	0	
0	-0.0176697	0	0	0	0	
0	-0.0160269	0	0	0	0	
0	-0.0144643	0	0	0	0	
0	-0.0129818	0	0	0	0	
0	-0.0115794	0	0	0	0	
0	-0.0102572	0	0	0	0	
0	-0.00901513	0	0	0	0	
0	-0.00785318	0	0	0	0	
0	-0.00677136	0	0	0	0	
0	-0.00576968	0	0	0	0	
0	-0.00484814	0	0	0	0	
0	-0.00400672	0	0	0	0	
0	-0.00324545	0	0	0	0	
0	-0.0025643	0	0	0	0	
0	-0.0019633	0	0	0	0	
0	-0.00144242	0	0	0	0	
0	-0.00100168	0	0	0	0	
0	-0.000641076	0	0	0	0	
0	-0.000360605	0	0	0	0	
0	-0.000160269	0	0	0	0	
0	-4.00672e-005	0	0	0	0	
0	-4.00672e-005	0	0	0	0	
0	0	0	0	0	0	
0	0	6.01009e-005	0	0	0	
0	0	0.000240403	0	0	0	
0	0	0.000540908	0	0	0	
0	0	0.000961614	0	0	0	
0	0	0.00150252	0	0	0	
0	0	0.00216363	0	0	0	
0	0	0.00294494	0	0	0	
0	0	0.00384646	0	0	0	
0	0	0.00486817	0	0	0	
0	0	0.00601009	0	0	0	
0	0	0.00727221	0	0	0	
0	0	0.00865453	0	0	0	
0	0	0.010157	0	0	0	
0	0	0.0117798	0	0	0	
0	0	0.0135227	0	0	0	
0	0	0.0153858	0	0	0	
0	0	0.0173692	0	0	0	
0	0	0.0194727	0	0	0	
0	0	0.0216964	0	0	0	
0	0	0.0240403	0	0	0	
0	0	0.0265045	0	0	0	
0	0	0.0290888	0	0	0	
0	0	0.0317934	0	0	0	
0	0	0.0346181	0	0	0	
0	0	0.037563	0	0	0	
0	0	0.0406282	0	0	0	
0	0	0.0438135	0	0	0	
0	0	0.0471191	0	0	0	
0	0	0.0505448	0	0	0	
0	0	0.0540908	0	0	0	
0	0	0.0577569	0	0	0	
0	0	0.0615433	0	0	0	
0	0	0.0654498	0	0	0	
0	0	0.0694165	0	0	0	
0	0	0.0733832	0	0	0	
0	0	0.0773498	0	0	0	
0	0	0.0813165	0	0	0	
0	0	0.0852831	0	0	0	
0	0	0.0892498	0	0	0	
0	0	0.0932164	0	0	0	
0	0	0.0971831	0	0	0	
0	0	0.10115	0	0	0	
0	0	0.105116	0	0	0	
0	0	0.109083	0	0	0	
0	0	0.11305	0	0	0	
0	0	0.117016	0	0	0	
0	0	0.120983	0	0	0	
0	0	0.12495	0	0	0	
0	0	0.128916	0	0	0	
0	0	0.132883	0	0	0	
0	0	0.13685	0	0	0	
0	0	0.140816	0	0	0	
0	0	0.144783	0	0	0	
0	0	0.14875	0	0	0	
0	0	0.152716	0	0	0	
0	0	0.156683	0	0	0	
0	0	0.16065	0	0	0	
0	0	0.164616	0	0	0	
0	0	0.168583	0	0	0	
0	0	0.17255	0	0	0	
0	0	0.176516	0	0	0	
0	0	0.180483	0	0	0	
0	0	0.18445	0	0	0	
0	0	0.188416	0	0	0	
0	0	0.192383	0	0	0	
0	0	0.19635	0	0	0	
0	0	0.200256	0	0	0	
0	0	0.204042	0	0	0	
0	0	0.207709	0	0	0	
0	0	0.211255	0	0	0	
0	0	0.21468	0	0	0	
0	0	0.217986	0	0	0	
0	0	0.221171	0	0	0	
0	0	0.224236	0	0	0	
0	0	0.227181	0	0	0	
0	0	0.230006	0	0	0	
0	0	0.232711	0	0	0	
0	0	0.235295	0	0	0	
0	0	0.237759	0	0	0	
0	0	0.240103	0	0	0	
0	0	0.242327	0	0	0	
0	0	0.24443	0	0	0	
0	0	0.246414	0	0	0	
0	0	0.248277	0	0	0	
0	0	0.25002	0	0	0	
0	0	0.251642	0	0	0	
0	0	0.253145	0	0	0	
0	0	0.254527	0	0	0	
0	0	0.255789	0	0	0	
0	0	0.256931	0	0	0	
0	0	0.257953	0	0	0	
0	0	0.258854	0	0	0	
0	0	0.259636	0	0	0	
0	0	0.260297	0	0	0	
0	0	0.260838	0	0	0	
0	0	0.261258	0	0	0	
0	0	0.261559	0	0	0	
0	0	0.261739	0	0	0	
0	0	0.261739	0	0	0	
0	0	0.261799	0	0	0	
0	0	0.261769	0	0	0	
0	0	0.261679	0	0	0	
0	0	0.261529	0	0	0	
0	0	0.261319	0	0	0	
0	0	0.261048	0	0	0	
0	0	0.260718	0	0	0	
0	0	0.260327	0	0	0	
0	0	0.259876	0	0	0	
0	0	0.259365	0	0	0	
0	0	0.258794	0	0	0	
0	0	0.258163	0	0	0	
0	0	0.257472	0	0	0	
0	0	0.256721	0	0	0	
0	0	0.25591	0	0	0	
0	0	0.255038	0	0	0	
0	0	0.254106	0	0	0	
0	0	0.253115	0	0	0	
0	0	0.252063	0	0	0	
0	0	0.250951	0	0	0	
0	0	0.249779	0	0	0	
0	0	0.248547	0	0	0	
0	0	0.247255	0	0	0	
0	0	0.245903	0	0	0	
0	0	0.24449	0	0	0	
0	0	0.243018	0	0	0	
0	0	0.241485	0	0	0	
0	0	0.239893	0	0	0	
0	0	0.23824	0	0	0	
0	0	0.236527	0	0	0	
0	0	0.234754	0	0	0	
0	0	0.232921	0	0	0	
0	0	0.231028	0	0	0	
0	0	0.229074	0	0	0	
0	0	0.227061	0	0	0	
0	0	0.224988	0	0	0	
0	0	0.222854	0	0	0	
0	0	0.22066	0	0	0	
0	0	0.218407	0	0	0	
0	0	0.216093	0	0	0	
0	0	0.213719	0	0	0	
0	0	0.211285	0	0	0	
0	0	0.20879	0	0	0	
0	0	0.206236	0	0	0	
0	0	0.203622	0	0	0	
0	0	0.200947	0	0	0	
0	0	0.198213	0	0	0	
0	0	0.195418	0	0	0	
0	0	0.192563	0	0	0	
0	0	0.189648	0	0	0	
0	0	0.186673	0	0	0	
0	0	0.183638	0	0	0	
0	0	0.180543	0	0	0	
0	0	0.177388	0	0	0	
0	0	0.174172	0	0	0	
0	0	0.170897	0	0	0	
0	0	0.167561	0	0	0	
0	0	0.164166	0	0	0	
0	0	0.16071	0	0	0	
0	0	0.157194	0	0	0	
0	0	0.153618	0	0	0	
0	0	0.149982	0	0	0	
0	0	0.146286	0	0	0	
0	0	0.142529	0	0	0	
0	0	0.138713	0	0	0	
0	0	0.134836	0	0	0	
0	0	0.1309	0	0	0	
0	0	0.126933	0	0	0	
0	0	0.122966	0	0	0	
0	0	0.119	0	0	0	
0	0	0.115033	0	0	0	
0	0	0.111066	0	0	0	
0	0	0.1071	0	0	0	
0	0	0.103133	0	0	0	
0	0	0.0991664	0	0	0	
0	0	0.0951998	0	0	0	
0	0	0.0912331	0	0	0	
0	0	0.0872665	0	0	0	
0	0	0.0832998	0	0	0	
0	0	0.0793331	0	0	0	
0	0	0.0753665	0	0	0	
0	0	0.0713998	0	0	0	
0	0	0.0674332	0	0	0	
0	0	0.0634665	0	0	0	
0	0	0.0594999	0	0	0	
0	0	0.0555332	0	0	0	
0	0	0.0515665	0	0	0	
0	0	0.0475999	0	0	0	
0	0	0.0436332	0	0	0	
0	0	0.0396666	0	0	0	
0	0	0.0356999	0	0	0	
0	0	0.0317333	0	0	0	
0	0	0.0277666	0	0	0	
0	0	0.0237999	0	0	0	
0	0	0.0198333	0	0	0	
0	0	0.0158666	0	0	0	
0	0	0.0119	0	0	0	
0	0	0.00793331	0	0	0	
0	0	0.00396666	0	0	0	
0	0	0	0	0	0	
0	0	-0.00396666	0	0	0	
0	0	-0.00793331	0	0	0	
0	0	-0.0119	0	0	0	
0	0	-0.0158666	0	0	0	
0	0	-0.0198333	0	0	0	
0	0	-0.0237999	0	0	0	
0	0	-0.0277666	0	0	0	
0	0	-0.0317333	0	0	0	
0	0	-0.0356999	0	0	0	
0	0	-0.0396666	0	0	0	
0	0	-0.0436332	0	0	0	
0	0	-0.0475999	0	0	0	
0	0	-0.0515665	0	0	0	
0	0	-0.0555332	0	0	0	
0	0	-0.0594999	0	0	0	
0	0	-0.0634665	0	0	0	
0	0	-0.0674332	0	0	0	
0	0	-0.0713998	0	0	0	
0	0	-0.0753665	0	0	0	
0	0	-0.0793331	0	0	0	
0	0	-0.0832998	0	0	0	
0	0	-0.0872665	0	0	0	
0	0	-0.0912331	0	0	0	
0	0	-0.0951998	0	0	0	
0	0	-0.0991664	0	0	0	
0	0	-0.103133	0	0	0	
0	0	-0.1071	0	0	0	
0	0	-0.111066	0	0	0	
0	0	-0.115033	0	0	0	
0	0	-0.119	0	0	0	
0	0	-0.122966	0	0	0	
0	0	-0.126933	0	0	0	
0	0	-0.1309	0	0	0	
0	0	-0.134836	0	0	0	
0	0	-0.138713	0	0	0	
0	0	-0.142529	0	0	0	
0	0	-0.146286	0	0	0	
0	0	-0.149982	0	0	0	
0	0	-0.153618	0	0	0	
0	0	-0.157194	0	0	0	
0	0	-0.16071	0	0	0	
0	0	-0.164166	0	0	0	
0	0	-0.167561	0	0	0	
0	0	-0.170897	0	0	0	
0	0	-0.174172	0	0	0	
0	0	-0.177388	0	0	0	
0	0	-0.180543	0	0	0	
0	0	-0.183638	0	0	0	
0	0	-0.186673	0	0	0	
0	0	-0.189648	0	0	0	
0	0	-0.192563	0	0	0	
0	0	-0.195418	0	0	0	
0	0	-0.198213	0	0	0	
0	0	-0.200947	0	0	0	
0	0	-0.203622	0	0	0	
0	0	-0.206236	0	0	0	
0	0	-0.20879	0	0	0	
0	0	-0.211285	0	0	0	
0	0	-0.213719	0	0	0	
0	0	-0.216093	0	0	0	
0	0	-0.218407	0	0	0	
0	0	-0.22066	0	0	0	
0	0	-0.222854	0	0	0	
0	0	-0.224988	0	0	0	
0	0	-0.227061	0	0	0	
0	0	-0.229074	0	0	0	
0	0	-0.231028	0	0	0	
0	0	-0.232921	0	0	0	
0	0	-0.234754	0	0	0	
0	0	-0.236527	0	0	0	
0	0	-0.23824	0	0	0	
0	0	-0.239893	0	0	0	
0	0	-0.241485	0	0	0	
0	0	-0.243018	0	0	0	
0	0	-0.24449	0	0	0	
0	0	-0.245903	0	0	0	
0	0	-0.247255	0	0	0	
0	0	-0.248547	0	0	0	
0	0	-0.249779	0	0	0	
0	0	-0.250951	0	0	0	
0	0	-0.252063	0	0	0	
0	0	-0.253115	0	0	0	
0	0	-0.254106	0	0	0	
0	0	-0.255038	0	0	0	
0	0	-0.25591	0	0	0	
0	0	-0.256721	0	0	0	
0	0	-0.257472	0	0	0	
0	0	-0.258163	0	0	0	
0	0	-0.258794	0	0	0	
0	0	-0.259365	0	0	0	
0	0	-0.259876	0	0	0	
0	0	-0.260327	0	0	0	
0	0	-0.260718	0	0	0	
0	0	-0.261048	0	0	0	
0	0	-0.261319	0	0	0	
0	0	-0.261529	0	0	0	
0	0	-0.261679	0	0	0	
0	0	-0.261769	0	0	0	
0	0	-0.261769	0	0	0	
0	0	-0.261799	0	0	0	
0	0	-0.261769	0	0	0	
0	0	-0.261679	0	0	0	
0	0	-0.261529	0	0	0	
0	0	-0.261319	0	0	0	
0	0	-0.261048	0	0	0	
0	0	-0.260718	0	0	0	
0	0	-0.260327	0	0	0	
0	0	-0.259876	0	0	0	
0	0	-0.259365	0	0	0	
0	0	-0.258794	0	0	0	
0	0	-0.258163	0	0	0	
0	0	-0.257472	0	0	0	
0	0	-0.256721	0	0	0	
0	0	-0.25591	0	0	0	
0	0	-0.255038	0	0	0	
0	0	-0.254106	0	0	0	
0	0	-0.253115	0	0	0	
0	0	-0.252063	0	0	0	
0	0	-0.250951	0	0	0	
0	0	-0.249779	0	0	0	
0	0	-0.248547	0	0	0	
0	0	-0.247255	0	0	0	
0	0	-0.245903	0	0	0	
0	0	-0.24449	0	0	0	
0	0	-0.243018	0	0	0	
0	0	-0.241485	0	0	0	
0	0	-0.239893	0	0	0	
0	0	-0.23824	0	0	0	
0	0	-0.236527	0	0	0	
0	0	-0.234754	0	0	0	
0	0	-0.232921	0	0	0	
0	0	-0.231028	0	0	0	
0	0	-0.229074	0	0	0	
0	0	-0.227061	0	0	0	
0	0	-0.224988	0	0	0	
0	0	-0.222854	0	0	0	
0	0	-0.22066	0	0	0	
0	0	-0.218407	0	0	0	
0	0	-0.216093	0	0	0	
0	0	-0.213719	0	0	0	
0	0	-0.211285	0	0	0	
0	0	-0.20879	0	0	0	
0	0	-0.206236	0	0	0	
0	0	-0.203622	0	0	0	
0	0	-0.200947	0	0	0	
0	0	-0.198213	0	0	0	
0	0	-0.195418	0	0	0	
0	0	-0.192563	0	0	0	
0	0	-0.189648	0	0	0	
0	0	-0.186673	0	0	0	
0	0	-0.183638	0	0	0	
0	0	-0.180543	0	0	0	
0	0	-0.177388	0	0	0	
0	0	-0.174172	0	0	0	
0	0	-0.170897	0	0	0	
0	0	-0.167561	0	0	0	
0	0	-0.164166	0	0	0	
0	0	-0.16071	0	0	0	
0	0	-0.157194	0	0	0	
0	0	-0.153618	0	0	0	
0	0	-0.149982	0	0	0	
0	0	-0.146286	0	0	0	
0	0	-0.142529	0	0	0	
0	0	-0.138713	0	0	0	
0	0	-0.134836	0	0	0	
0	0	-0.1309	0	0	0	
0	0	-0.126933	0	0	0	
0	0	-0.122966	0	0	0	
0	0	-0.119	0	0	0	
0	0	-0.115033	0	0	0	
0	0	-0.111066	0	0	0	
0	0	-0.1071	0	0	0	
0	0	-0.103133	0	0	0	
0	0	-0.0991664	0	0	0	
0	0	-0.0951998	0	0	0	
0	0	-0.0912331	0	0	0	
0	0	-0.0872665	0	0	0	
0	0	-0.0832998	0	0	0	
0	0	-0.0793331	0	0	0	
0	0	-0.0753665	0	0	0	
0	0	-0.0713998	0	0	0	
0	0	-0.0674332	0	0	0	
0	0	-0.0634665	0	0	0	
0	0	-0.0594999	0	0	0	
0	0	-0.0555332	0	0	0	
0	0	-0.0515665	0	0	0	
0	0	-0.0475999	0	0	0	
0	0	-0.0436332	0	0	0	
0	0	-0.0396666	0	0	0	
0	0	-0.0356999	0	0	0	
0	0	-0.0317333	0	0	0	
0	0	-0.0277666	0	0	0	
0	0	-0.0237999	0	0	0	
0	0	-0.0198333	0	0	0	
0	0	-0.0158666	0	0	0	
0	0	-0.0119	0	0	0	
0	0	-0.00793331	0	0	0	
0	0	-0.00396666	0	0	0	
0	0	0	0	0	0	
0	0	0.00396666	0	0	0	
0	0	0.00793331	0	0	0	
0	0	0.0119	0	0	0	
0	0	0.0158666	0	0	0	
0	0	0.0198333	0	0	0	
0	0	0.0237999	0	0	0	
0	0	0.0277666	0	0	0	
0	0	0.0317333	0	0	0	
0	0	0.0356999	0	0	0	
0	0	0.0396666	0	0	0	
0	0	0.0436332	0	0	0	
0	0	0.0475999	0	0	0	
0	0	0.0515665	0	0	0	
0	0	0.0555332	0	0	0	
0	0	0.0594999	0	0	0	
0	0	0.0634665	0	0	0	
0	0	0.0674332	0	0	0	
0	0	0.0713998	0	0	0	
0	0	0.0753665	0	0	0	
0	0	0.0793331	0	0	0	
0	0	0.0832998	0	0	0	
0	0	0.0872665	0	0	0	
0	0	0.0912331	0	0	0	
0	0	0.0951998	0	0	0	
0	0	0.0991664	0	0	0	
0	0	0.103133	0	0	0	
0	0	0.1071	0	0	0	
0	0	0.111066	0	0	0	
0	0	0.115033	0	0	0	
0	0	0.119	0	0	0	
0	0	0.122966	0	0	0	
0	0	0.126933	0	0	0	
0	0	0.1309	0	0	0	
0	0	0.134836	0	0	0	
0	0	0.138713	0	0	0	
0	0	0.142529	0	0	0	
0	0	0.146286	0	0	0	
0	0	0.149982	0	0	0	
0	0	0.153618	0	0	0	
0	0	0.157194	0	0	0	
0	0	0.16071	0	0	0	
0	0	0.164166	0	0	0	
0	0	0.167561	0	0	0	
0	0	0.170897	0	0	0	
0	0	0.174172	0	0	0	
0	0	0.177388	0	0	0	
0	0	0.180543	0	0	0	
0	0	0.183638	0	0	0	
0	0	0.186673	0	0	0	
0	0	0.189648	0	0	0	
0	0	0.192563	0	0	0	
0	0	0.195418	0	0	0	
0	0	0.198213	0	0	0	
0	0	0.200947	0	0	0	
0	0	0.203622	0	0	0	
0	0	0.206236	0	0	0	
0	0	0.20879	0	0	0	
0	0	0.211285	0	0	0	
0	0	0.213719	0	0	0	
0	0	0.216093	0	0	0	
0	0	0.218407	0	0	0	
0	0	0.22066	0	0	0	
0	0	0.222854	0	0	0	
0	0	0.224988	0	0	0	
0	0	0.227061	0	0	0	
0	0	0.229074	0	0	0	
0	0	0.231028	0	0	0	
0	0	0.232921	0	0	0	
0	0	0.234754	0	0	0	
0	0	0.236527	0	0	0	
0	0	0.23824	0	0	0	
0	0	0.239893	0	0	0	
0	0	0.241485	0	0	0	
0	0	0.243018	0	0	0	
0	0	0.24449	0	0	0	
0	0	0.245903	0	0	0	
0	0	0.247255	0	0	0	
0	0	0.248547	0	0	0	
0	0	0.249779	0	0	0	
0	0	0.250951	0	0	0	
0	0	0.252063	0	0	0	
0	0	0.253115	0	0	0	
0	0	0.254106	0	0	0	
0	0	0.255038	0	0	0	
0	0	0.25591	0	0	0	
0	0	0.256721	0	0	0	
0	0	0.257472	0	0	0	
0	0	0.258163	0	0	0	
0	0	0.258794	0	0	0	
0	0	0.259365	0	0	0	
0	0	0.259876	0	0	0	
0	0	0.260327	0	0	0	
0	0	0.260718	0	0	0	
0	0	0.261048	0	0	0	
0	0	0.261319	0	0	0	
0	0	0.261529	0	0	0	
0	0	0.261679	0	0	0	
0	0	0.261769	0	0	0	
0	0	0.261769	0	0	0	
0	0	0.261799	0	0	0	
0	0	0.261769	0	0	0	
0	0	0.261679	0	0	0	
0	0	0.261529	0	0	0	
0	0	0.261319	0	0	0	
0	0	0.261048	0	0	0	
0	0	0.260718	0	0	0	
0	0	0.260327	0	0	0	
0	0	0.259876	0	0	0	
0	0	0.259365	0	0	0	
0	0	0.258794	0	0	0	
0	0	0.258163	0	0	0	
0	0	0.257472	0	0	0	
0	0	0.256721	0	0	0	
0	0	0.25591	0	0	0	
0	0	0.255038	0	0	0	
0	0	0.254106	0	0	0	
0	0	0.253115	0	0	0	
0	0	0.252063	0	0	0	
0	0	0.250951	0	0	0	
0	0	0.249779	0	0	0	
0	0	0.248547	0	0	0	
0	0	0.247255	0	0	0	
0	0	0.245903	0	0	0	
0	0	0.24449	0	0	0	
0	0	0.243018	0	0	0	
0	0	0.241485	0	0	0	
0	0	0.239893	0	0	0	
0	0	0.23824	0	0	0	
0	0	0.236527	0	0	0	
0	0	0.234754	0	0	0	
0	0	0.232921	0	0	0	
0	0	0.231028	0	0	0	
0	0	0.229074	0	0	0	
0	0	0.227061	0	0	0	
0	0	0.224988	0	0	0	
0	0	0.222854	0	0	0	
0	0	0.22066	0	0	0	
0	0	0.218407	0	0	0	
0	0	0.216093	0	0	0	
0	0	0.213719	0	0	0	
0	0	0.211285	0	0	0	
0	0	0.20879	0	0	0	
0	0	0.206236	0	0	0	
0	0	0.203622	0	0	0	
0	0	0.200947	0	0	0	
0	0	0.198213	0	0	0	
0	0	0.195418	0	0	0	
0	0	0.192563	0	0	0	
0	0	0.189648	0	0	0	
0	0	0.186673	0	0	0	
0	0	0.183638	0	0	0	
0	0	0.180543	0	0	0	
0	0	0.177388	0	0	0	
0	0	0.174172	0	0	0	
0	0	0.170897	0	0	0	
0	0	0.167561	0	0	0	
0	0	0.164166	0	0	0	
0	0	0.16071	0	0	0	
0	0	0.157194	0	0	0	
0	0	0.153618	0	0	0	
0	0	0.149982	0	0	0	
0	0	0.146286	0	0	0	
0	0	0.142529	0	0	0	
0	0	0.138713	0	0	0	
0	0	0.134836	0	0	0	
0	0	0.1309	0	0	0	
0	0	0.126933	0	0	0	
0	0	0.122966	0	0	0	
0	0	0.119	0	0	0	
0	0	0.115033	0	0	0	
0	0	0.111066	0	0	0	
0	0	0.1071	0	0	0	
0	0	0.103133	0	0	0	
0	0	0.0991664	0	0	0	
0	0	0.0951998	0	0	0	
0	0	0.0912331	0	0	0	
0	0	0.0872665	0	0	0	
0	0	0.0832998	0	0	0	
0	0	0.0793331	0	0	0	
0	0	0.0753665	0	0	0	
0	0	0.0713998	0	0	0	
0	0	0.0674332	0	0	0	
0	0	0.0634665	0	0	0	
0	0	0.0594999	0	0	0	
0	0	0.0555332	0	0	0	
0	0	0.0515665	0	0	0	
0	0	0.0475999	0	0	0	
0	0	0.0436332	0	0	0	
0	0	0.0396666	0	0	0	
0	0	0.0356999	0	0	0	
0	0	0.0317333	0	0	0	
0	0	0.0277666	0	0	0	
0	0	0.0237999	0	0	0	
0	0	0.0198333	0	0	0	
0	0	0.0158666	0	0	0	
0	0	0.0119	0	0	0	
0	0	0.00793331	0	0	0	
0	0	0.00396666	0	0	0	
0	0	0	0	0	0	
0	0	-0.00396666	0	0	0	
0	0	-0.00793331	0	0	0	
0	0	-0.0119	0	0	0	
0	0	-0.0158666	0	0	0	
0	0	-0.0198333	0	0	0	
0	0	-0.0237999	0	0	0	
0	0	-0.0277666	0	0	0	
0	0	-0.0317333	0	0	0	
0	0	-0.0356999	0	0	0	
0	0	-0.0396666	0	0	0	
0	0	-0.0436332	0	0	0	
0	0	-0.0475999	0	0	0	
0	0	-0.0515665	0	0	0	
0	0	-0.0555332	0	0	0	
0	0	-0.0594999	0	0	0	
0	0	-0.0634665	0	0	0	
0	0	-0.0674332	0	0	0	
0	0	-0.0713998	0	0	0	
0	0	-0.0753665	0	0	0	
0	0	-0.0793331	0	0	0	
0	0	-0.0832998	0	0	0	
0	0	-0.0872665	0	0	0	
0	0	-0.0912331	0	0	0	
0	0	-0.0951998	0	0	0	
0	0	-0.0991664	0	0	0	
0	0	-0.103133	0	0	0	
0	0	-0.1071	0	0	0	
0	0	-0.111066	0	0	0	
0	0	-0.115033	0	0	0	
0	0	-0.119	0	0	0	
0	0	-0.122966	0	0	0	
0	0	-0.126933	0	0	0	
0	0	-0.1309	0	0	0	
0	0	-0.134836	0	0	0	
0	0	-0.138713	0	0	0	
0	0	-0.142529	0	0	0	
0	0	-0.146286	0	0	0	
0	0	-0.149982	0	0	0	
0	0	-0.153618	0	0	0	
0	0	-0.157194	0	0	0	
0	0	-0.16071	0	0	0	
0	0	-0.164166	0	0	0	
0	0	-0.167561	0	0	0	
0	0	-0.170897	0	0	0	
0	0	-0.174172	0	0	0	
0	0	-0.177388	0	0	0	
0	0	-0.180543	0	0	0	
0	0	-0.183638	0	0	0	
0	0	-0.186673	0	0	0	
0	0	-0.189648	0	0	0	
0	0	-0.192563	0	0	0	
0	0	-0.195418	0	0	0	
0	0	-0.198213	0	0	0	
0	0	-0.200947	0	0	0	
0	0	-0.203622	0	0	0	
0	0	-0.206236	0	0	0	
0	0	-0.20879	0	0	0	
0	0	-0.211285	0	0	0	
0	0	-0.213719	0	0	0	
0	0	-0.216093	0	0	0	
0	0	-0.218407	0	0	0	
0	0	-0.22066	0	0	0	
0	0	-0.222854	0	0	0	
0	0	-0.224988	0	0	0	
0	0	-0.227061	0	0	0	
0	0	-0.229074	0	0	0	
0	0	-0.231028	0	0	0	
0	0	-0.232921	0	0	0	
0	0	-0.234754	0	0	0	
0	0	-0.236527	0	0	0	
0	0	-0.23824	0	0	0	
0	0	-0.239893	0	0	0	
0	0	-0.241485	0	0	0	
0	0	-0.243018	0	0	0	
0	0	-0.24449	0	0	0	
0	0	-0.245903	0	0	0	
0	0	-0.247255	0	0	0	
0	0	-0.248547	0	0	0	
0	0	-0.249779	0	0	0	
0	0	-0.250951	0	0	0	
0	0	-0.252063	0	0	0	
0	0	-0.253115	0	0	0	
0	0	-0.254106	0	0	0	
0	0	-0.255038	0	0	0	
0	0	-0.25591	0	0	0	
0	0	-0.256721	0	0	0	
0	0	-0.257472	0	0	0	
0	0	-0.258163	0	0	0	
0	0	-0.258794	0	0	0	
0	0	-0.259365	0	0	0	
0	0	-0.259876	0	0	0	
0	0	-0.260327	0	0	0	
0	0	-0.260718	0	0	0	
0	0	-0.261048	0	0	0	
0	0	-0.261319	0	0	0	
0	0	-0.261529	0	0	0	
0	0	-0.261679	0	0	0	
0	0	-0.261769	0	0	0	
0	0	-0.261769	0	0	0	
0	0	-0.261799	0	0	0	
0	0	-0.261739	0	0	0	
0	0	-0.261559	0	0	0	
0	0	-0.261258	0	0	0	
0	0	-0.260838	0	0	0	
0	0	-0.260297	0	0	0	
0	0	-0.259636	0	0	0	
0	0	-0.258854	0	0	0	
0	0	-0.257953	0	0	0	
0	0	-0.256931	0	0	0	
0	0	-0.255789	0	0	0	
0	0	-0.254527	0	0	0	
0	0	-0.253145	0	0	0	
0	0	-0.251642	0	0	0	
0	0	-0.25002	0	0	0	
0	0	-0.248277	0	0	0	
0	0	-0.246414	0	0	0	
0	0	-0.24443	0	0	0	
0	0	-0.242327	0	0	0	
0	0	-0.240103	0	0	0	
0	0	-0.237759	0	0	0	
0	0	-0.235295	0	0	0	
0	0	-0.232711	0	0	0	
0	0	-0.230006	0	0	0	
0	0	-0.227181	0	0	0	
0	0	-0.224236	0	0	0	
0	0	-0.221171	0	0	0	
0	0	-0.217986	0	0	0	
0	0	-0.21468	0	0	0	
0	0	-0.211255	0	0	0	
0	0	-0.207709	0	0	0	
0	0	-0.204042	0	0	0	
0	0	-0.200256	0	0	0	
0	0	-0.19635	0	0	0	
0	0	-0.192383	0	0	0	
0	0	-0.188416	0	0	0	
0	0	-0.18445	0	0	0	
0	0	-0.180483	0	0	0	
0	0	-0.176516	0	0	0	
0	0	-0.17255	0	0	0	
0	0	-0.168583	0	0	0	
0	0	-0.164616	0	0	0	
0	0	-0.16065	0	0	0	
0	0	-0.156683	0	0	0	
0	0	-0.152716	0	0	0	
0	0	-0.14875	0	0	0	
0	0	-0.144783	0	0	0	
0	0	-0.140816	0	0	0	
0	0	-0.13685	0	0	0	
0	0	-0.132883	0	0	0	
0	0	-0.128916	0	0	0	
0	0	-0.12495	0	0	0	
0	0	-0.120983	0	0	0	
0	0	-0.117016	0	0	0	
0	0	-0.11305	0	0	0	
0	0	-0.109083	0	0	0	
0	0	-0.105116	0	0	0	
0	0	-0.10115	0	0	0	
0	0	-0.0971831	0	0	0	
0	0	-0.0932164	0	0	0	
0	0	-0.0892498	0	0	0	
0	0	-0.0852831	0	0	0	
0	0	-0.0813165	0	0	0	
0	0	-0.0773498	0	0	0	
0	0	-0.0733832	0	0	0	
0	0	-0.0694165	0	0	0	
0	0	-0.0654498	0	0	0	
0	0	-0.0615433	0	0	0	
0	0	-0.0577569	0	0	0	
0	0	-0.0540908	0	0	0	
0	0	-0.0505448	0	0	0	
0	0	-0.0471191	0	0	0	
0	0	-0.0438135	0	0	0	
0	0	-0.0406282	0	0	0	
0	0	-0.037563	0	0	0	
0	0	-0.0346181	0	0	0	
0	0	-0.0317934	0	0	0	
0	0	-0.0290888	0	0	0	
0	0	-0.0265045	0	0	0	
0	0	-0.0240403	0	0	0	
0	0	-0.0216964	0	0	0	
0	0	-0.0194727	0	0	0	
0	0	-0.0173692	0	0	0	
0	0	-0.0153858	0	0	0	
0	0	-0.0135227	0	0	0	
0	0	-0.0117798	0	0	0	
0	0	-0.010157	0	0	0	
0	0	-0.00865453	0	0	0	
0	0	-0.00727221	0	0	0	
0	0	-0.00601009	0	0	0	
0	0	-0.00486817	0	0	0	
0	0	-0.00384646	0	0	0	
0	0	-0.00294494	0	0	0	
0	0	-0.00216363	0	0	0	
0	0	-0.00150252	0	0	0	
0	0	-0.000961614	0	0	0	
0	0	-0.000540908	0	0	0	
0	0	-0.000240403	0	0	0	
0	0	-6.01009e-005	0	0	0	
0	0	-6.01009e-005	0	0	0	
0	0	0	0	0	0	
0	0	0	4.00672e-005	0	0	
0	0	0	0.000160269	0	0	
0	0	0	0.000360605	0	0	
0	0	0	0.000641076	0	0	
0	0	0	0.00100168	0	0	
0	0	0	0.00144242	0	0	
0	0	0	0.0019633	0	0	
0	0	0	0.0025643	0	0	
0	0	0	0.00324545	0	0	
0	0	0	0.00400672	0	0	
0	0	0	0.00484814	0	0	
0	0	0	0.00576968	0	0	
0	0	0	0.00677136	0	0	
0	0	0	0.00785318	0	0	
0	0	0	0.00901513	0	0	
0	0	0	0.0102572	0	0	
0	0	0	0.0115794	0	0	
0	0	0	0.0129818	0	0	
0	0	0	0.0144643	0	0	
0	0	0	0.0160269	0	0	
0	0	0	0.0176697	0	0	
0	0	0	0.0193925	0	0	
0	0	0	0.0211956	0	0	
0	0	0	0.0230787	0	0	
0	0	0	0.025042	0	0	
0	0	0	0.0270855	0	0	
0	0	0	0.029209	0	0	
0	0	0	0.0314127	0	0	
0	0	0	0.0336966	0	0	
0	0	0	0.0360605	0	0	
0	0	0	0.0385046	0	0	
0	0	0	0.0410289	0	0	
0	0	0	0.0436332	0	0	
0	0	0	0.0462777	0	0	
0	0	0	0.0489221	0	0	
0	0	0	0.0515665	0	0	
0	0	0	0.054211	0	0	
0	0	0	0.0568554	0	0	
0	0	0	0.0594999	0	0	
0	0	0	0.0621443	0	0	
0	0	0	0.0647887	0	0	
0	0	0	0.0674332	0	0	
0	0	0	0.0700776	0	0	
0	0	0	0.072722	0	0	
0	0	0	0.0753665	0	0	
0	0	0	0.0780109	0	0	
0	0	0	0.0806554	0	0	
0	0	0	0.0832998	0	0	
0	0	0	0.0859442	0	0	
0	0	0	0.0885887	0	0	
0	0	0	0.0912331	0	0	
0	0	0	0.0938776	0	0	
0	0	0	0.096522	0	0	
0	0	0	0.0991664	0	0	
0	0	0	0.101811	0	0	
0	0	0	0.104455	0	0	
0	0	0	0.1071	0	0	
0	0	0	0.109744	0	0	
0	0	0	0.112389	0	0	
0	0	0	0.115033	0	0	
0	0	0	0.117678	0	0	
0	0	0	0.120322	0	0	
0	0	0	0.122966	0	0	
0	0	0	0.125611	0	0	
0	0	0	0.128255	0	0	
0	0	0	0.1309	0	0	
0	0	0	0.133504	0	0	
0	0	0	0.136028	0	0	
0	0	0	0.138472	0	0	
0	0	0	0.140836	0	0	
0	0	0	0.14312	0	0	
0	0	0	0.145324	0	0	
0	0	0	0.147447	0	0	
0	0	0	0.149491	0	0	
0	0	0	0.151454	0	0	
0	0	0	0.153337	0	0	
0	0	0	0.15514	0	0	
0	0	0	0.156863	0	0	
0	0	0	0.158506	0	0	
0	0	0	0.160069	0	0	
0	0	0	0.161551	0	0	
0	0	0	0.162953	0	0	
0	0	0	0.164276	0	0	
0	0	0	0.165518	0	0	
0	0	0	0.16668	0	0	
0	0	0	0.167762	0	0	
0	0	0	0.168763	0	0	
0	0	0	0.169685	0	0	
0	0	0	0.170526	0	0	
0	0	0	0.171287	0	0	
0	0	0	0.171969	0	0	
0	0	0	0.17257	0	0	
0	0	0	0.173091	0	0	
0	0	0	0.173531	0	0	
0	0	0	0.173892	0	0	
0	0	0	0.174172	0	0	
0	0	0	0.174373	0	0	
0	0	0	0.174493	0	0	
0	0	0	0.174493	0	0	
0	0	0	0.174533	0	0	
0	0	0	0.174513	0	0	
0	0	0	0.174453	0	0	
0	0	0	0.174353	0	0	
0	0	0	0.174212	0	0	
0	0	0	0.174032	0	0	
0	0	0	0.173812	0	0	
0	0	0	0.173551	0	0	
0	0	0	0.173251	0	0	
0	0	0	0.17291	0	0	
0	0	0	0.17253	0	0	
0	0	0	0.172109	0	0	
0	0	0	0.171648	0	0	
0	0	0	0.171147	0	0	
0	0	0	0.170606	0	0	
0	0	0	0.170025	0	0	
0	0	0	0.169404	0	0	
0	0	0	0.168743	0	0	
0	0	0	0.168042	0	0	
0	0	0	0.167301	0	0	
0	0	0	0.166519	0	0	
0	0	0	0.165698	0	0	
0	0	0	0.164837	0	0	
0	0	0	0.163935	0	0	
0	0	0	0.162994	0	0	
0	0	0	0.162012	0	0	
0	0	0	0.16099	0	0	
0	0	0	0.159928	0	0	
0	0	0	0.158827	0	0	
0	0	0	0.157685	0	0	
0	0	0	0.156503	0	0	
0	0	0	0.155281	0	0	
0	0	0	0.154018	0	0	
0	0	0	0.152716	0	0	
0	0	0	0.151374	0	0	
0	0	0	0.149992	0	0	
0	0	0	0.148569	0	0	
0	0	0	0.147107	0	0	
0	0	0	0.145604	0	0	
0	0	0	0.144062	0	0	
0	0	0	0.142479	0	0	
0	0	0	0.140856	0	0	
0	0	0	0.139194	0	0	
0	0	0	0.137491	0	0	
0	0	0	0.135748	0	0	
0	0	0	0.133965	0	0	
0	0	0	0.132142	0	0	
0	0	0	0.130279	0	0	
0	0	0	0.128375	0	0	
0	0	0	0.126432	0	0	
0	0	0	0.124449	0	0	
0	0	0	0.122425	0	0	
0	0	0	0.120362	0	0	
0	0	0	0.118258	0	0	
0	0	0	0.116115	0	0	
0	0	0	0.113931	0	0	
0	0	0	0.111707	0	0	
0	0	0	0.109444	0	0	
0	0	0	0.10714	0	0	
0	0	0	0.104796	0	0	
0	0	0	0.102412	0	0	
0	0	0	0.0999878	0	0	
0	0	0	0.0975237	0	0	
0	0	0	0.0950195	0	0	
0	0	0	0.0924752	0	0	
0	0	0	0.0898909	0	0	
0	0	0	0.0872665	0	0	
0	0	0	0.084622	0	0	
0	0	0	0.0819776	0	0	
0	0	0	0.0793331	0	0	
0	0	0	0.0766887	0	0	
0	0	0	0.0740443	0	0	
0	0	0	0.0713998	0	0	
0	0	0	0.0687554	0	0	
0	0	0	0.066111	0	0	
0	0	0	0.0634665	0	0	
0	0	0	0.0608221	0	0	
0	0	0	0.0581776	0	0	
0	0	0	0.0555332	0	0	
0	0	0	0.0528888	0	0	
0	0	0	0.0502443	0	0	
0	0	0	0.0475999	0	0	
0	0	0	0.0449554	0	0	
0	0	0	0.042311	0	0	
0	0	0	0.0396666	0	0	
0	0	0	0.0370221	0	0	
0	0	0	0.0343777	0	0	
0	0	0	0.0317333	0	0	
0	0	0	0.0290888	0	0	
0	0	0	0.0264444	0	0	
0	0	0	0.0237999	0	0	
0	0	0	0.0211555	0	0	
0	0	0	0.0185111	0	0	
0	0	0	0.0158666	0	0	
0	0	0	0.0132222	0	0	
0	0	0	0.0105778	0	0	
0	0	0	0.00793331	0	0	
0	0	0	0.00528888	0	0	
0	0	0	0.00264444	0	0	
0	0	0	0	0	0	
0	0	0	-0.00264444	0	0	
0	0	0	-0.00528888	0	0	
0	0	0	-0.00793331	0	0	
0	0	0	-0.0105778	0	0	
0	0	0	-0.0132222	0	0	
0	0	0	-0.0158666	0	0	
0	0	0	-0.0185111	0	0	
0	0	0	-0.0211555	0	0	
0	0	0	-0.0237999	0	0	
0	0	0	-0.0264444	0	0	
0	0	0	-0.0290888	0	0	
0	0	0	-0.0317333	0	0	
0	0	0	-0.0343777	0	0	
0	0	0	-0.0370221	0	0	
0	0	0	-0.0396666	0	0	
0	0	0	-0.042311	0	0	
0	0	0	-0.0449554	0	0	
0	0	0	-0.0475999	0	0	
0	0	0	-0.0502443	0	0	
0	0	0	-0.0528888	0	0	
0	0	0	-0.0555332	0	0	
0	0	0	-0.0581776	0	0	
0	0	0	-0.0608221	0	0	
0	0	0	-0.0634665	0	0	
0	0	0	-0.066111	0	0	
0	0	0	-0.0687554	0	0	
0	0	0	-0.0713998	0	0	
0	0	0	-0.0740443	0	0	
0	0	0	-0.0766887	0	0	
0	0	0	-0.0793331	0	0	
0	0	0	-0.0819776	0	0	
0	0	0	-0.084622	0	0	
0	0	0	-0.0872665	0	0	
0	0	0	-0.0898909	0	0	
0	0	0	-0.0924752	0	0	
0	0	0	-0.0950195	0	0	
0	0	0	-0.0975237	0	0	
0	0	0	-0.0999878	0	0	
0	0	0	-0.102412	0	0	
0	0	0	-0.104796	0	0	
0	0	0	-0.10714	0	0	
0	0	0	-0.109444	0	0	
0	0	0	-0.111707	0	0	
0	0	0	-0.113931	0	0	
0	0	0	-0.116115	0	0	
0	0	0	-0.118258	0	0	
0	0	0	-0.120362	0	0	
0	0	0	-0.122425	0	0	
0	0	0	-0.124449	0	0	
0	0	0	-0.126432	0	0	
0	0	0	-0.128375	0	0	
0	0	0	-0.130279	0	0	
0	0	0	-0.132142	0	0	
0	0	0	-0.133965	0	0	
0	0	0	-0.135748	0	0	
0	0	0	-0.137491	0	0	
0	0	0	-0.139194	0	0	
0	0	0	-0.140856	0	0	
0	0	0	-0.142479	0	0	
0	0	0	-0.144062	0	0	
0	0	0	-0.145604	0	0	
0	0	0	-0.147107	0	0	
0	0	0	-0.148569	0	0	
0	0	0	-0.149992	0	0	
0	0	0	-0.151374	0	0	
0	0	0	-0.152716	0	0	
0	0	0	-0.154018	0	0	
0	0	0	-0.155281	0	0	
0	0	0	-0.156503	0	0	
0	0	0	-0.157685	0	0	
0	0	0	-0.158827	0	0	
0	0	0	-0.159928	0	0	
0	0	0	-0.16099	0	0	
0	0	0	-0.162012	0	0	
0	0	0	-0.162994	0	0	
0	0	0	-0.163935	0	0	
0	0	0	-0.164837	0	0	
0	0	0	-0.165698	0	0	
0	0	0	-0.166519	0	0	
0	0	0	-0.167301	0	0	
0	0	0	-0.168042	0	0	
0	0	0	-0.168743	0	0	
0	0	0	-0.169404	0	0	
0	0	0	-0.170025	0	0	
0	0	0	-0.170606	0	0	
0	0	0	-0.171147	0	0	
0	0	0	-0.171648	0	0	
0	0	0	-0.172109	0	0	
0	0	0	-0.17253	0	0	
0	0	0	-0.17291	0	0	
0	0	0	-0.173251	0	0	
0	0	0	-0.173551	0	0	
0	0	0	-0.173812	0	0	
0	0	0	-0.174032	0	0	
0	0	0	-0.174212	0	0	
0	0	0	-0.174353	0	0	
0	0	0	-0.174453	0	0	
0	0	0	-0.174513	0	0	
0	0	0	-0.174513	0	0	
0	0	0	-0.174533	0	0	
0	0	0	-0.174513	0	0	
0	0	0	-0.174453	0	0	
0	0	0	-0.174353	0	0	
0	0	0	-0.174212	0	0	
0	0	0	-0.174032	0	0	
0	0	0	-0.173812	0	0	
0	0	0	-0.173551	0	0	
0	0	0	-0.173251	0	0	
0	0	0	-0.17291	0	0	
0	0	0	-0.17253	0	0	
0	0	0	-0.172109	0	0	
0	0	0	-0.171648	0	0	
0	0	0	-0.171147	0	0	
0	0	0	-0.170606	0	0	
0	0	0	-0.170025	0	0	
0	0	0	-0.169404	0	0	
0	0	0	-0.168743	0	0	
0	0	0	-0.168042	0	0	
0	0	0	-0.167301	0	0	
0	0	0	-0.166519	0	0	
0	0	0	-0.165698	0	0	
0	0	0	-0.164837	0	0	
0	0	0	-0.163935	0	0	
0	0	0	-0.162994	0	0	
0	0	0	-0.162012	0	0	
0	0	0	-0.16099	0	0	
0	0	0	-0.159928	0	0	
0	0	0	-0.158827	0	0	
0	0	0	-0.157685	0	0	
0	0	0	-0.156503	0	0	
0	0	0	-0.155281	0	0	
0	0	0	-0.154018	0	0	
0	0	0	-0.152716	0	0	
0	0	0	-0.151374	0	0	
0	0	0	-0.149992	0	0	
0	0	0	-0.148569	0	0	
0	0	0	-0.147107	0	0	
0	0	0	-0.145604	0	0	
0	0	0	-0.144062	0	0	
0	0	0	-0.142479	0	0	
0	0	0	-0.140856	0	0	
0	0	0	-0.139194	0	0	
0	0	0	-0.137491	0	0	
0	0	0	-0.135748	0	0	
0	0	0	-0.133965	0	0	
0	0	0	-0.132142	0	0	
0	0	0	-0.130279	0	0	
0	0	0	-0.128375	0	0	
0	0	0	-0.126432	0	0	
0	0	0	-0.124449	0	0	
0	0	0	-0.122425	0	0	
0	0	0	-0.120362	0	0	
0	0	0	-0.118258	0	0	
0	0	0	-0.116115	0	0	
0	0	0	-0.113931	0	0	
0	0	0	-0.111707	0	0	
0	0	0	-0.109444	0	0	
0	0	0	-0.10714	0	0	
0	0	0	-0.104796	0	0	
0	0	0	-0.102412	0	0	
0	0	0	-0.0999878	0	0	
0	0	0	-0.0975237	0	0	
0	0	0	-0.0950195	0	0	
0	0	0	-0.0924752	0	0	
0	0	0	-0.0898909	0	0	
0	0	0	-0.0872665	0	0	
0	0	0	-0.084622	0	0	
0	0	0	-0.0819776	0	0	
0	0	0	-0.0793331	0	0	
0	0	0	-0.0766887	0	0	
0	0	0	-0.0740443	0	0	
0	0	0	-0.0713998	0	0	
0	0	0	-0.0687554	0	0	
0	0	0	-0.066111	0	0	
0	0	0	-0.0634665	0	0	
0	0	0	-0.0608221	0	0	
0	0	0	-0.0581776	0	0	
0	0	0	-0.0555332	0	0	
0	0	0	-0.0528888	0	0	
0	0	0	-0.0502443	0	0	
0	0	0	-0.0475999	0	0	
0	0	0	-0.0449554	0	0	
0	0	0	-0.042311	0	0	
0	0	0	-0.0396666	0	0	
0	0	0	-0.0370221	0	0	
0	0	0	-0.0343777	0	0	
0	0	0	-0.0317333	0	0	
0	0	0	-0.0290888	0	0	
0	0	0	-0.0264444	0	0	
0	0	0	-0.0237999	0	0	
0	0	0	-0.0211555	0	0	
0	0	0	-0.0185111	0	0	
0	0	0	-0.0158666	0	0	
0	0	0	-0.0132222	0	0	
0	0	0	-0.0105778	0	0	
0	0	0	-0.00793331	0	0	
0	0	0	-0.00528888	0	0	
0	0	0	-0.00264444	0	0	
0	0	0	0	0	0	
0	0	0	0.00264444	0	0	
0	0	0	0.00528888	0	0	
0	0	0	0.00793331	0	0	
0	0	0	0.0105778	0	0	
0	0	0	0.0132222	0	0	
0	0	0	0.0158666	0	0	
0	0	0	0.0185111	0	0	
0	0	0	0.0211555	0	0	
0	0	0	0.0237999	0	0	
0	0	0	0.0264444	0	0	
0	0	0	0.0290888	0	0	
0	0	0	0.0317333	0	0	
0	0	0	0.0343777	0	0	
0	0	0	0.0370221	0	0	
0	0	0	0.0396666	0	0	
0	0	0	0.042311	0	0	
0	0	0	0.0449554	0	0	
0	0	0	0.0475999	0	0	
0	0	0	0.0502443	0	0	
0	0	0	0.0528888	0	0	
0	0	0	0.0555332	0	0	
0	0	0	0.0581776	0	0	
0	0	0	0.0608221	0	0	
0	0	0	0.0634665	0	0	
0	0	0	0.066111	0	0	
0	0	0	0.0687554	0	0	
0	0	0	0.0713998	0	0	
0	0	0	0.0740443	0	0	
0	0	0	0.0766887	0	0	
0	0	0	0.0793331	0	0	
0	0	0	0.0819776	0	0	
0	0	0	0.084622	0	0	
0	0	0	0.0872665	0	0	
0	0	0	0.0898909	0	0	
0	0	0	0.0924752	0	0	
0	0	0	0.0950195	0	0	
0	0	0	0.0975237	0	0	
0	0	0	0.0999878	0	0	
0	0	0	0.102412	0	0	
0	0	0	0.104796	0	0	
0	0	0	0.10714	0	0	
0	0	0	0.109444	0	0	
0	0	0	0.111707	0	0	
0	0	0	0.113931	0	0	
0	0	0	0.116115	0	0	
0	0	0	0.118258	0	0	
0	0	0	0.120362	0	0	
0	0	0	0.122425	0	0	
0	0	0	0.124449	0	0	
0	0	0	0.126432	0	0	
0	0	0	0.128375	0	0	
0	0	0	0.130279	0	0	
0	0	0	0.132142	0	0	
0	0	0	0.133965	0	0	
0	0	0	0.135748	0	0	
0	0	0	0.137491	0	0	
0	0	0	0.139194	0	0	
0	0	0	0.140856	0	0	
0	0	0	0.142479	0	0	
0	0	0	0.144062	0	0	
0	0	0	0.145604	0	0	
0	0	0	0.147107	0	0	
0	0	0	0.148569	0	0	
0	0	0	0.149992	0	0	
0	0	0	0.151374	0	0	
0	0	0	0.152716	0	0	
0	0	0	0.154018	0	0	
0	0	0	0.155281	0	0	
0	0	0	0.156503	0	0	
0	0	0	0.157685	0	0	
0	0	0	0.158827	0	0	
0	0	0	0.159928	0	0	
0	0	0	0.16099	0	0	
0	0	0	0.162012	0	0	
0	0	0	0.162994	0	0	
0	0	0	0.163935	0	0	
0	0	0	0.164837	0	0	
0	0	0	0.165698	0	0	
0	0	0	0.166519	0	0	
0	0	0	0.167301	0	0	
0	0	0	0.168042	0	0	
0	0	0	0.168743	0	0	
0	0	0	0.169404	0	0	
0	0	0	0.170025	0	0	
0	0	0	0.170606	0	0	
0	0	0	0.171147	0	0	
0	0	0	0.171648	0	0	
0	0	0	0.172109	0	0	
0	0	0	0.17253	0	0	
0	0	0	0.17291	0	0	
0	0	0	0.173251	0	0	
0	0	0	0.173551	0	0	
0	0	0	0.173812	0	0	
0	0	0	0.174032	0	0	
0	0	0	0.174212	0	0	
0	0	0	0.174353	0	0	
0	0	0	0.174453	0	0	
0	0	0	0.174513	0	0	
0	0	0	0.174513	0	0	
0	0	0	0.174533	0	0	
0	0	0	0.174513	0	0	
0	0	0	0.174453	0	0	
0	0	0	0.174353	0	0	
0	0	0	0.174212	0	0	
0	0	0	0.174032	0	0	
0	0	0	0.173812	0	0	
0	0	0	0.173551	0	0	
0	0	0	0.173251	0	0	
0	0	0	0.17291	0	0	
0	0	0	0.17253	0	0	
0	0	0	0.172109	0	0	
0	0	0	0.171648	0	0	
0	0	0	0.171147	0	0	
0	0	0	0.170606	0	0	
0	0	0	0.170025	0	0	
0	0	0	0.169404	0	0	
0	0	0	0.168743	0	0	
0	0	0	0.168042	0	0	
0	0	0	0.167301	0	0	
0	0	0	0.166519	0	0	
0	0	0	0.165698	0	0	
0	0	0	0.164837	0	0	
0	0	0	0.163935	0	0	
0	0	0	0.162994	0	0	
0	0	0	0.162012	0	0	
0	0	0	0.16099	0	0	
0	0	0	0.159928	0	0	
0	0	0	0.158827	0	0	
0	0	0	0.157685	0	0	
0	0	0	0.156503	0	0	
0	0	0	0.155281	0	0	
0	0	0	0.154018	0	0	
0	0	0	0.152716	0	0	
0	0	0	0.151374	0	0	
0	0	0	0.149992	0	0	
0	0	0	0.148569	0	0	
0	0	0	0.147107	0	0	
0	0	0	0.145604	0	0	
0	0	0	0.144062	0	0	
0	0	0	0.142479	0	0	
0	0	0	0.140856	0	0	
0	0	0	0.139194	0	0	
0	0	0	0.137491	0	0	
0	0	0	0.135748	0	0	
0	0	0	0.133965	0	0	
0	0	0	0.132142	0	0	
0	0	0	0.130279	0	0	
0	0	0	0.128375	0	0	
0	0	0	0.126432	0	0	
0	0	0	0.124449	0	0	
0	0	0	0.122425	0	0	
0	0	0	0.120362	0	0	
0	0	0	0.118258	0	0	
0	0	0	0.116115	0	0	
0	0	0	0.113931	0	0	
0	0	0	0.111707	0	0	
0	0	0	0.109444	0	0	
0	0	0	0.10714	0	0	
0	0	0	0.104796	0	0	
0	0	0	0.102412	0	0	
0	0	0	0.0999878	0	0	
0	0	0	0.0975237	0	0	
0	0	0	0.0950195	0	0	
0	0	0	0.0924752	0	0	
0	0	0	0.0898909	0	0	
0	0	0	0.0872665	0	0	
0	0	0	0.084622	0	0	
0	0	0	0.0819776	0	0	
0	0	0	0.0793331	0	0	
0	0	0	0.0766887	0	0	
0	0	0	0.0740443	0	0	
0	0	0	0.0713998	0	0	
0	0	0	0.0687554	0	0	
0	0	0	0.066111	0	0	
0	0	0	0.0634665	0	0	
0	0	0	0.0608221	0	0	
0	0	0	0.0581776	0	0	
0	0	0	0.0555332	0	0	
0	0	0	0.0528888	0	0	
0	0	0	0.0502443	0	0	
0	0	0	0.0475999	0	0	
0	0	0	0.0449554	0	0	
0	0	0	0.042311	0	0	
0	0	0	0.0396666	0	0	
0	0	0	0.0370221	0	0	
0	0	0	0.0343777	0	0	
0	0	0	0.0317333	0	0	
0	0	0	0.0290888	0	0	
0	0	0	0.0264444	0	0	
0	0	0	0.0237999	0	0	
0	0	0	0.0211555	0	0	
0	0	0	0.0185111	0	0	
0	0	0	0.0158666	0	0	
0	0	0	0.0132222	0	0	
0	0	0	0.0105778	0	0	
0	0	0	0.00793331	0	0	
0	0	0	0.00528888	0	0	
0	0	0	0.00264444	0	0	
0	0	0	0	0	0	
0	0	0	-0.00264444	0	0	
0	0	0	-0.00528888	0	0	
0	0	0	-0.00793331	0	0	
0	0	0	-0.0105778	0	0	
0	0	0	-0.0132222	0	0	
0	0	0	-0.0158666	0	0	
0	0	0	-0.0185111	0	0	
0	0	0	-0.0211555	0	0	
0	0	0	-0.0237999	0	0	
0	0	0	-0.0264444	0	0	
0	0	0	-0.0290888	0	0	
0	0	0	-0.0317333	0	0	
0	0	0	-0.0343777	0	0	
0	0	0	-0.0370221	0	0	
0	0	0	-0.0396666	0	0	
0	0	0	-0.042311	0	0	
0	0	0	-0.0449554	0	0	
0	0	0	-0.0475999	0	0	
0	0	0	-0.0502443	0	0	
0	0	0	-0.0528888	0	0	
0	0	0	-0.0555332	0	0	
0	0	0	-0.0581776	0	0	
0	0	0	-0.0608221	0	0	
0	0	0	-0.0634665	0	0	
0	0	0	-0.066111	0	0	
0	0	0	-0.0687554	0	0	
0	0	0	-0.0713998	0	0	
0	0	0	-0.0740443	0	0	
0	0	0	-0.0766887	0	0	
0	0	0	-0.0793331	0	0	
0	0	0	-0.0819776	0	0	
0	0	0	-0.084622	0	0	
0	0	0	-0.0872665	0	0	
0	0	0	-0.0898909	0	0	
0	0	0	-0.0924752	0	0	
0	0	0	-0.0950195	0	0	
0	0	0	-0.0975237	0	0	
0	0	0	-0.0999878	0	0	
0	0	0	-0.102412	0	0	
0	0	0	-0.104796	0	0	
0	0	0	-0.10714	0	0	
0	0	0	-0.109444	0	0	
0	0	0	-0.111707	0	0	
0	0	0	-0.113931	0	0	
0	0	0	-0.116115	0	0	
0	0	0	-0.118258	0	0	
0	0	0	-0.120362	0	0	
0	0	0	-0.122425	0	0	
0	0	0	-0.124449	0	0	
0	0	0	-0.126432	0	0	
0	0	0	-0.128375	0	0	
0	0	0	-0.130279	0	0	
0	0	0	-0.132142	0	0	
0	0	0	-0.133965	0	0	
0	0	0	-0.135748	0	0	
0	0	0	-0.137491	0	0	
0	0	0	-0.139194	0	0	
0	0	0	-0.140856	0	0	
0	0	0	-0.142479	0	0	
0	0	0	-0.144062	0	0	
0	0	0	-0.145604	0	0	
0	0	0	-0.147107	0	0	
0	0	0	-0.148569	0	0	
0	0	0	-0.149992	0	0	
0	0	0	-0.151374	0	0	
0	0	0	-0.152716	0	0	
0	0	0	-0.154018	0	0	
0	0	0	-0.155281	0	0	
0	0	0	-0.156503	0	0	
0	0	0	-0.157685	0	0	
0	0	0	-0.158827	0	0	
0	0	0	-0.159928	0	0	
0	0	0	-0.16099	0	0	
0	0	0	-0.162012	0	0	
0	0	0	-0.162994	0	0	
0	0	0	-0.163935	0	0	
0	0	0	-0.164837	0	0	
0	0	0	-0.165698	0	0	
0	0	0	-0.166519	0	0	
0	0	0	-0.167301	0	0	
0	0	0	-0.168042	0	0	
0	0	0	-0.168743	0	0	
0	0	0	-0.169404	0	0	
0	0	0	-0.170025	0	0	
0	0	0	-0.170606	0	0	
0	0	0	-0.171147	0	0	
0	0	0	-0.171648	0	0	
0	0	0	-0.172109	0	0	
0	0	0	-0.17253	0	0	
0	0	0	-0.17291	0	0	
0	0	0	-0.173251	0	0	
0	0	0	-0.173551	0	0	
0	0	0	-0.173812	0	0	
0	0	0	-0.174032	0	0	
0	0	0	-0.174212	0	0	
0	0	0	-0.174353	0	0	
0	0	0	-0.174453	0	0	
0	0	0	-0.174513	0	0	
0	0	0	-0.174513	0	0	
0	0	0	-0.174533	0	0	
0	0	0	-0.174493	0	0	
0	0	0	-0.174373	0	0	
0	0	0	-0.174172	0	0	
0	0	0	-0.173892	0	0	
0	0	0	-0.173531	0	0	
0	0	0	-0.173091	0	0	
0	0	0	-0.17257	0	0	
0	0	0	-0.171969	0	0	
0	0	0	-0.171287	0	0	
0	0	0	-0.170526	0	0	
0	0	0	-0.169685	0	0	
0	0	0	-0.168763	0	0	
0	0	0	-0.167762	0	0	
0	0	0	-0.16668	0	0	
0	0	0	-0.165518	0	0	
0	0	0	-0.164276	0	0	
0	0	0	-0.162953	0	0	
0	0	0	-0.161551	0	0	
0	0	0	-0.160069	0	0	
0	0	0	-0.158506	0	0	
0	0	0	-0.156863	0	0	
0	0	0	-0.15514	0	0	
0	0	0	-0.153337	0	0	
0	0	0	-0.151454	0	0	
0	0	0	-0.149491	0	0	
0	0	0	-0.147447	0	0	
0	0	0	-0.145324	0	0	
0	0	0	-0.14312	0	0	
0	0	0	-0.140836	0	0	
0	0	0	-0.138472	0	0	
0	0	0	-0.136028	0	0	
0	0	0	-0.133504	0	0	
0	0	0	-0.1309	0	0	
0	0	0	-0.128255	0	0	
0	0	0	-0.125611	0	0	
0	0	0	-0.122966	0	0	
0	0	0	-0.120322	0	0	
0	0	0	-0.117678	0	0	
0	0	0	-0.115033	0	0	
0	0	0	-0.112389	0	0	
0	0	0	-0.109744	0	0	
0	0	0	-0.1071	0	0	
0	0	0	-0.104455	0	0	
0	0	0	-0.101811	0	0	
0	0	0	-0.0991664	0	0	
0	0	0	-0.096522	0	0	
0	0	0	-0.0938776	0	0	
0	0	0	-0.0912331	0	0	
0	0	0	-0.0885887	0	0	
0	0	0	-0.0859442	0	0	
0	0	0	-0.0832998	0	0	
0	0	0	-0.0806554	0	0	
0	0	0	-0.0780109	0	0	
0	0	0	-0.0753665	0	0	
0	0	0	-0.072722	0	0	
0	0	0	-0.0700776	0	0	
0	0	0	-0.0674332	0	0	
0	0	0	-0.0647887	0	0	
0	0	0	-0.0621443	0	0	
0	0	0	-0.0594999	0	0	
0	0	0	-0.0568554	0	0	
0	0	0	-0.054211	0	0	
0	0	0	-0.0515665	0	0	
0	0	0	-0.0489221	0	0	
0	0	0	-0.0462777	0	0	
0	0	0	-0.0436332	0	0	
0	0	0	-0.0410289	0	0	
0	0	0	-0.0385046	0	0	
0	0	0	-0.0360605	0	0	
0	0	0	-0.0336966	0	0	
0	0	0	-0.0314127	0	0	
0	0	0	-0.029209	0	0	
0	0	0	-0.0270855	0	0	
0	0	0	-0.025042	0	0	
0	0	0	-0.0230787	0	0	
0	0	0	-0.0211956	0	0	
0	0	0	-0.0193925	0	0	
0	0	0	-0.0176697	0	0	
0	0	0	-0.0160269	0	0	
0	0	0	-0.0144643	0	0	
0	0	0	-0.0129818	0	0	
0	0	0	-0.0115794	0	0	
0	0	0	-0.0102572	0	0	
0	0	0	-0.00901513	0	0	
0	0	0	-0.00785318	0	0	
0	0	0	-0.00677136	0	0	
0	0	0	-0.00576968	0	0	
0	0	0	-0.00484814	0	0	
0	0	0	-0.00400672	0	0	
0	0	0	-0.00324545	0	0	
0	0	0	-0.0025643	0	0	
0	0	0	-0.0019633	0	0	
0	0	0	-0.00144242	0	0	
0	0	0	-0.00100168	0	0	
0	0	0	-0.000641076	0	0	
0	0	0	-0.000360605	0	0	
0	0	0	-0.000160269	0	0	
0	0	0	-4.00672e-005	0	0	
0	0	0	-4.00672e-005	0	0	
0	0	0	0	0	0	
0	0	0	0	6.01009e-005	0	
0	0	0	0	0.000240403	0	
0	0	0	0	0.000540908	0	
0	0	0	0	0.000961614	0	
0	0	0	0	0.00150252	0	
0	0	0	0	0.00216363	0	
0	0	0	0	0.00294494	0	
0	0	0	0	0.00384646	0	
0	0	0	0	0.00486817	0	
0	0	0	0	0.00601009	0	
0	0	0	0	0.00727221	0	
0	0	0	0	0.00865453	0	
0	0	0	0	0.010157	0	
0	0	0	0	0.0117798	0	
0	0	0	0	0.0135227	0	
0	0	0	0	0.0153858	0	
0	0	0	0	0.0173692	0	
0	0	0	0	0.0194727	0	
0	0	0	0	0.0216964	0	
0	0	0	0	0.0240403	0	
0	0	0	0	0.0265045	0	
0	0	0	0	0.0290888	0	
0	0	0	0	0.0317934	0	
0	0	0	0	0.0346181	0	
0	0	0	0	0.037563	0	
0	0	0	0	0.0406282	0	
0	0	0	0	0.0438135	0	
0	0	0	0	0.0471191	0	
0	0	0	0	0.0505448	0	
0	0	0	0	0.0540908	0	
0	0	0	0	0.0577569	0	
0	0	0	0	0.0615433	0	
0	0	0	0	0.0654498	0	
0	0	0	0	0.0694165	0	
0	0	0	0	0.0733832	0	
0	0	0	0	0.0773498	0	
0	0	0	0	0.0813165	0	
0	0	0	0	0.0852831	0	
0	0	0	0	0.0892498	0	
0	0	0	0	0.0932164	0	
0	0	0	0	0.0971831	0	
0	0	0	0	0.10115	0	
0	0	0	0	0.105116	0	
0	0	0	0	0.109083	0	
0	0	0	0	0.11305	0	
0	0	0	0	0.117016	0	
0	0	0	0	0.120983	0	
0	0	0	0	0.12495	0	
0	0	0	0	0.128916	0	
0	0	0	0	0.132883	0	
0	0	0	0	0.13685	0	
0	0	0	0	0.140816	0	
0	0	0	0	0.144783	0	
0	0	0	0	0.14875	0	
0	0	0	0	0.152716	0	
0	0	0	0	0.156683	0	
0	0	0	0	0.16065	0	
0	0	0	0	0.164616	0	
0	0	0	0	0.168583	0	
0	0	0	0	0.17255	0	
0	0	0	0	0.176516	0	
0	0	0	0	0.180483	0	
0	0	0	0	0.18445	0	
0	0	0	0	0.188416	0	
0	0	0	0	0.192383	0	
0	0	0	0	0.19635	0	
0	0	0	0	0.200256	0	
0	0	0	0	0.204042	0	
0	0	0	0	0.207709	0	
0	0	0	0	0.211255	0	
0	0	0	0	0.21468	0	
0	0	0	0	0.217986	0	
0	0	0	0	0.221171	0	
0	0	0	0	0.224236	0	
0	0	0	0	0.227181	0	
0	0	0	0	0.230006	0	
0	0	0	0	0.232711	0	
0	0	0	0	0.235295	0	
0	0	0	0	0.237759	0	
0	0	0	0	0.240103	0	
0	0	0	0	0.242327	0	
0	0	0	0	0.24443	0	
0	0	0	0	0.246414	0	
0	0	0	0	0.248277	0	
0	0	0	0	0.25002	0	
0	0	0	0	0.251642	0	
0	0	0	0	0.253145	0	
0	0	0	0	0.254527	0	
0	0	0	0	0.255789	0	
0	0	0	0	0.256931	0	
0	0	0	0	0.257953	0	
0	0	0	0	0.258854	0	
0	0	0	0	0.259636	0	
0	0	0	0	0.260297	0	
0	0	0	0	0.260838	0	
0	0	0	0	0.261258	0	
0	0	0	0	0.261559	0	
0	0	0	0	0.261739	0	
0	0	0	0	0.261739	0	
0	0	0	0	0.261799	0	
0	0	0	0	0.261769	0	
0	0	0	0	0.261679	0	
0	0	0	0	0.261529	0	
0	0	0	0	0.261319	0	
0	0	0	0	0.261048	0	
0	0	0	0	0.260718	0	
0	0	0	0	0.260327	0	
0	0	0	0	0.259876	0	
0	0	0	0	0.259365	0	
0	0	0	0	0.258794	0	
0	0	0	0	0.258163	0	
0	0	0	0	0.257472	0	
0	0	0	0	0.256721	0	
0	0	0	0	0.25591	0	
0	0	0	0	0.255038	0	
0	0	0	0	0.254106	0	
0	0	0	0	0.253115	0	
0	0	0	0	0.252063	0	
0	0	0	0	0.250951	0	
0	0	0	0	0.249779	0	
0	0	0	0	0.248547	0	
0	0	0	0	0.247255	0	
0	0	0	0	0.245903	0	
0	0	0	0	0.24449	0	
0	0	0	0	0.243018	0	
0	0	0	0	0.241485	0	
0	0	0	0	0.239893	0	
0	0	0	0	0.23824	0	
0	0	0	0	0.236527	0	
0	0	0	0	0.234754	0	
0	0	0	0	0.232921	0	
0	0	0	0	0.231028	0	
0	0	0	0	0.229074	0	
0	0	0	0	0.227061	0	
0	0	0	0	0.224988	0	
0	0	0	0	0.222854	0	
0	0	0	0	0.22066	0	
0	0	0	0	0.218407	0	
0	0	0	0	0.216093	0	
0	0	0	0	0.213719	0	
0	0	0	0	0.211285	0	
0	0	0	0	0.20879	0	
0	0	0	0	0.206236	0	
0	0	0	0	0.203622	0	
0	0	0	0	0.200947	0	
0	0	0	0	0.198213	0	
0	0	0	0	0.195418	0	
0	0	0	0	0.192563	0	
0	0	0	0	0.189648	0	
0	0	0	0	0.186673	0	
0	0	0	0	0.183638	0	
0	0	0	0	0.180543	0	
0	0	0	0	0.177388	0	
0	0	0	0	0.174172	0	
0	0	0	0	0.170897	0	
0	0	0	0	0.167561	0	
0	0	0	0	0.164166	0	
0	0	0	0	0.16071	0	
0	0	0	0	0.157194	0	
0	0	0	0	0.153618	0	
0	0	0	0	0.149982	0	
0	0	0	0	0.146286	0	
0	0	0	0	0.142529	0	
0	0	0	0	0.138713	0	
0	0	0	0	0.134836	0	
0	0	0	0	0.1309	0	
0	0	0	0	0.126933	0	
0	0	0	0	0.122966	0	
0	0	0	0	0.119	0	
0	0	0	0	0.115033	0	
0	0	0	0	0.111066	0	
0	0	0	0	0.1071	0	
0	0	0	0	0.103133	0	
0	0	0	0	0.0991664	0	
0	0	0	0	0.0951998	0	
0	0	0	0	0.0912331	0	
0	0	0	0	0.0872665	0	
0	0	0	0	0.0832998	0	
0	0	0	0	0.0793331	0	
0	0	0	0	0.0753665	0	
0	0	0	0	0.0713998	0	
0	0	0	0	0.0674332	0	
0	0	0	0	0.0634665	0	
0	0	0	0	0.0594999	0	
0	0	0	0	0.0555332	0	
0	0	0	0	0.0515665	0	
0	0	0	0	0.0475999	0	
0	0	0	0	0.0436332	0	
0	0	0	0	0.0396666	0	
0	0	0	0	0.0356999	0	
0	0	0	0	0.0317333	0	
0	0	0	0	0.0277666	0	
0	0	0	0	0.0237999	0	
0	0	0	0	0.0198333	0	
0	0	0	0	0.0158666	0	
0	0	0	0	0.0119	0	
0	0	0	0	0.00793331	0	
0	0	0	0	0.00396666	0	
0	0	0	0	0	0	
0	0	0	0	-0.00396666	0	
0	0	0	0	-0.00793331	0	
0	0	0	0	-0.0119	0	
0	0	0	0	-0.0158666	0	
0	0	0	0	-0.0198333	0	
0	0	0	0	-0.0237999	0	
0	0	0	0	-0.0277666	0	
0	0	0	0	-0.0317333	0	
0	0	0	0	-0.0356999	0	
0	0	0	0	-0.0396666	0	
0	0	0	0	-0.0436332	0	
0	0	0	0	-0.0475999	0	
0	0	0	0	-0.0515665	0	
0	0	0	0	-0.0555332	0	
0	0	0	0	-0.0594999	0	
0	0	0	0	-0.0634665	0	
0	0	0	0	-0.0674332	0	
0	0	0	0	-0.0713998	0	
0	0	0	0	-0.0753665	0	
0	0	0	0	-0.0793331	0	
0	0	0	0	-0.0832998	0	
0	0	0	0	-0.0872665	0	
0	0	0	0	-0.0912331	0	
0	0	0	0	-0.0951998	0	
0	0	0	0	-0.0991664	0	
0	0	0	0	-0.103133	0	
0	0	0	0	-0.1071	0	
0	0	0	0	-0.111066	0	
0	0	0	0	-0.115033	0	
0	0	0	0	-0.119	0	
0	0	0	0	-0.122966	0	
0	0	0	0	-0.126933	0	
0	0	0	0	-0.1309	0	
0	0	0	0	-0.134836	0	
0	0	0	0	-0.138713	0	
0	0	0	0	-0.142529	0	
0	0	0	0	-0.146286	0	
0	0	0	0	-0.149982	0	
0	0	0	0	-0.153618	0	
0	0	0	0	-0.157194	0	
0	0	0	0	-0.16071	0	
0	0	0	0	-0.164166	0	
0	0	0	0	-0.167561	0	
0	0	0	0	-0.170897	0	
0	0	0	0	-0.174172	0	
0	0	0	0	-0.177388	0	
0	0	0	0	-0.180543	0	
0	0	0	0	-0.183638	0	
0	0	0	0	-0.186673	0	
0	0	0	0	-0.189648	0	
0	0	0	0	-0.192563	0	
0	0	0	0	-0.195418	0	
0	0	0	0	-0.198213	0	
0	0	0	0	-0.200947	0	
0	0	0	0	-0.203622	0	
0	0	0	0	-0.206236	0	
0	0	0	0	-0.20879	0	
0	0	0	0	-0.211285	0	
0	0	0	0	-0.213719	0	
0	0	0	0	-0.216093	0	
0	0	0	0	-0.218407	0	
0	0	0	0	-0.22066	0	
0	0	0	0	-0.222854	0	
0	0	0	0	-0.224988	0	
0	0	0	0	-0.227061	0	
0	0	0	0	-0.229074	0	
0	0	0	0	-0.231028	0	
0	0	0	0	-0.232921	0	
0	0	0	0	-0.234754	0	
0	0	0	0	-0.236527	0	
0	0	0	0	-0.23824	0	
0	0	0	0	-0.239893	0	
0	0	0	0	-0.241485	0	
0	0	0	0	-0.243018	0	
0	0	0	0	-0.24449	0	
0	0	0	0	-0.245903	0	
0	0	0	0	-0.247255	0	
0	0	0	0	-0.248547	0	
0	0	0	0	-0.249779	0	
0	0	0	0	-0.250951	0	
0	0	0	0	-0.252063	0	
0	0	0	0	-0.253115	0	
0	0	0	0	-0.254106	0	
0	0	0	0	-0.255038	0	
0	0	0	0	-0.25591	0	
0	0	0	0	-0.256721	0	
0	0	0	0	-0.257472	0	
0	0	0	0	-0.258163	0	
0	0	0	0	-0.258794	0	
0	0	0	0	-0.259365	0	
0	0	0	0	-0.259876	0	
0	0	0	0	-0.260327	0	
0	0	0	0	-0.260718	0	
0	0	0	0	-0.261048	0	
0	0	0	0	-0.261319	0	
0	0	0	0	-0.261529	0	
0	0	0	0	-0.261679	0	
0	0	0	0	-0.261769	0	
0	0	0	0	-0.261769	0	
0	0	0	0	-0.261799	0	
0	0	0	0	-0.261769	0	
0	0	0	0	-0.261679	0	
0	0	0	0	-0.261529	0	
0	0	0	0	-0.261319	0	
0	0	0	0	-0.261048	0	
0	0	0	0	-0.260718	0	
0	0	0	0	-0.260327	0	
0	0	0	0	-0.259876	0	
0	0	0	0	-0.259365	0	
0	0	0	0	-0.258794	0	
0	0	0	0	-0.258163	0	
0	0	0	0	-0.257472	0	
0	0	0	0	-0.256721	0	
0	0	0	0	-0.25591	0	
0	0	0	0	-0.255038	0	
0	0	0	0	-0.254106	0	
0	0	0	0	-0.253115	0	
0	0	0	0	-0.252063	0	
0	0	0	0	-0.250951	0	
0	0	0	0	-0.249779	0	
0	0	0	0	-0.248547	0	
0	0	0	0	-0.247255	0	
0	0	0	0	-0.245903	0	
0	0	0	0	-0.24449	0	
0	0	0	0	-0.243018	0	
0	0	0	0	-0.241485	0	
0	0	0	0	-0.239893	0	
0	0	0	0	-0.23824	0	
0	0	0	0	-0.236527	0	
0	0	0	0	-0.234754	0	
0	0	0	0	-0.232921	0	
0	0	0	0	-0.231028	0	
0	0	0	0	-0.229074	0	
0	0	0	0	-0.227061	0	
0	0	0	0	-0.224988	0	
0	0	0	0	-0.222854	0	
0	0	0	0	-0.22066	0	
0	0	0	0	-0.218407	0	
0	0	0	0	-0.216093	0	
0	0	0	0	-0.213719	0	
0	0	0	0	-0.211285	0	
0	0	0	0	-0.20879	0	
0	0	0	0	-0.206236	0	
0	0	0	0	-0.203622	0	
0	0	0	0	-0.200947	0	
0	0	0	0	-0.198213	0	
0	0	0	0	-0.195418	0	
0	0	0	0	-0.192563	0	
0	0	0	0	-0.189648	0	
0	0	0	0	-0.186673	0	
0	0	0	0	-0.183638	0	
0	0	0	0	-0.180543	0	
0	0	0	0	-0.177388	0	
0	0	0	0	-0.174172	0	
0	0	0	0	-0.170897	0	
0	0	0	0	-0.167561	0	
0	0	0	0	-0.164166	0	
0	0	0	0	-0.16071	0	
0	0	0	0	-0.157194	0	
0	0	0	0	-0.153618	0	
0	0	0	0	-0.149982	0	
0	0	0	0	-0.146286	0	
0	0	0	0	-0.142529	0	
0	0	0	0	-0.138713	0	
0	0	0	0	-0.134836	0	
0	0	0	0	-0.1309	0	
0	0	0	0	-0.126933	0	
0	0	0	0	-0.122966	0	
0	0	0	0	-0.119	0	
0	0	0	0	-0.115033	0	
0	0	0	0	-0.111066	0	
0	0	0	0	-0.1071	0	
0	0	0	0	-0.103133	0	
0	0	0	0	-0.0991664	0	
0	0	0	0	-0.0951998	0	
0	0	0	0	-0.0912331	0	
0	0	0	0	-0.0872665	0	
0	0	0	0	-0.0832998	0	
0	0	0	0	-0.0793331	0	
0	0	0	0	-0.0753665	0	
0	0	0	0	-0.0713998	0	
0	0	0	0	-0.0674332	0	
0	0	0	0	-0.0634665	0	
0	0	0	0	-0.0594999	0	
0	0	0	0	-0.0555332	0	
0	0	0	0	-0.0515665	0	
0	0	0	0	-0.0475999	0	
0	0	0	0	-0.0436332	0	
0	0	0	0	-0.0396666	0	
0	0	0	0	-0.0356999	0	
0	0	0	0	-0.0317333	0	
0	0	0	0	-0.0277666	0	
0	0	0	0	-0.0237999	0	
0	0	0	0	-0.0198333	0	
0	0	0	0	-0.0158666	0	
0	0	0	0	-0.0119	0	
0	0	0	0	-0.00793331	0	
0	0	0	0	-0.00396666	0	
0	0	0	0	0	0	
0	0	0	0	0.00396666	0	
0	0	0	0	0.00793331	0	
0	0	0	0	0.0119	0	
0	0	0	0	0.0158666	0	
0	0	0	0	0.0198333	0	
0	0	0	0	0.0237999	0	
0	0	0	0	0.0277666	0	
0	0	0	0	0.0317333	0	
0	0	0	0	0.0356999	0	
0	0	0	0	0.0396666	0	
0	0	0	0	0.0436332	0	
0	0	0	0	0.0475999	0	
0	0	0	0	0.0515665	0	
0	0	0	0	0.0555332	0	
0	0	0	0	0.0594999	0	
0	0	0	0	0.0634665	0	
0	0	0	0	0.0674332	0	
0	0	0	0	0.0713998	0	
0	0	0	0	0.0753665	0	
0	0	0	0	0.0793331	0	
0	0	0	0	0.0832998	0	
0	0	0	0	0.0872665	0	
0	0	0	0	0.0912331	0	
0	0	0	0	0.0951998	0	
0	0	0	0	0.0991664	0	
0	0	0	0	0.103133	0	
0	0	0	0	0.1071	0	
0	0	0	0	0.111066	0	
0	0	0	0	0.115033	0	
0	0	0	0	0.119	0	
0	0	0	0	0.122966	0	
0	0	0	0	0.126933	0	
0	0	0	0	0.1309	0	
0	0	0	0	0.134836	0	
0	0	0	0	0.138713	0	
0	0	0	0	0.142529	0	
0	0	0	0	0.146286	0	
0	0	0	0	0.149982	0	
0	0	0	0	0.153618	0	
0	0	0	0	0.157194	0	
0	0	0	0	0.16071	0	
0	0	0	0	0.164166	0	
0	0	0	0	0.167561	0	
0	0	0	0	0.170897	0	
0	0	0	0	0.174172	0	
0	0	0	0	0.177388	0	
0	0	0	0	0.180543	0	
0	0	0	0	0.183638	0	
0	0	0	0	0.186673	0	
0	0	0	0	0.189648	0	
0	0	0	0	0.192563	0	
0	0	0	0	0.195418	0	
0	0	0	0	0.198213	0	
0	0	0	0	0.200947	0	
0	0	0	0	0.203622	0	
0	0	0	0	0.206236	0	
0	0	0	0	0.20879	0	
0	0	0	0	0.211285	0	
0	0	0	0	0.213719	0	
0	0	0	0	0.216093	0	
0	0	0	0	0.218407	0	
0	0	0	0	0.22066	0	
0	0	0	0	0.222854	0	
0	0	0	0	0.224988	0	
0	0	0	0	0.227061	0	
0	0	0	0	0.229074	0	
0	0	0	0	0.231028	0	
0	0	0	0	0.232921	0	
0	0	0	0	0.234754	0	
0	0	0	0	0.236527	0	
0	0	0	0	0.23824	0	
0	0	0	0	0.239893	0	
0	0	0	0	0.241485	0	
0	0	0	0	0.243018	0	
0	0	0	0	0.24449	0	
0	0	0	0	0.245903	0	
0	0	0	0	0.247255	0	
0	0	0	0	0.248547	0	
0	0	0	0	0.249779	0	
0	0	0	0	0.250951	0	
0	0	0	0	0.252063	0	
0	0	0	0	0.253115	0	
0	0	0	0	0.254106	0	
0	0	0	0	0.255038	0	
0	0	0	0	0.25591	0	
0	0	0	0	0.256721	0	
0	0	0	0	0.257472	0	
0	0	0	0	0.258163	0	
0	0	0	0	0.258794	0	
0	0	0	0	0.259365	0	
0	0	0	0	0.259876	0	
0	0	0	0	0.260327	0	
0	0	0	0	0.260718	0	
0	0	0	0	0.261048	0	
0	0	0	0	0.261319	0	
0	0	0	0	0.261529	0	
0	0	0	0	0.261679	0	
0	0	0	0	0.261769	0	
0	0	0	0	0.261769	0	
0	0	0	0	0.261799	0	
0	0	0	0	0.261769	0	
0	0	0	0	0.261679	0	
0	0	0	0	0.261529	0	
0	0	0	0	0.261319	0	
0	0	0	0	0.261048	0	
0	0	0	0	0.260718	0	
0	0	0	0	0.260327	0	
0	0	0	0	0.259876	0	
0	0	0	0	0.259365	0	
0	0	0	0	0.258794	0	
0	0	0	0	0.258163	0	
0	0	0	0	0.257472	0	
0	0	0	0	0.256721	0	
0	0	0	0	0.25591	0	
0	0	0	0	0.255038	0	
0	0	0	0	0.254106	0	
0	0	0	0	0.253115	0	
0	0	0	0	0.252063	0	
0	0	0	0	0.250951	0	
0	0	0	0	0.249779	0	
0	0	0	0	0.248547	0	
0	0	0	0	0.247255	0	
0	0	0	0	0.245903	0	
0	0	0	0	0.24449	0	
0	0	0	0	0.243018	0	
0	0	0	0	0.241485	0	
0	0	0	0	0.239893	0	
0	0	0	0	0.23824	0	
0	0	0	0	0.236527	0	
0	0	0	0	0.234754	0	
0	0	0	0	0.232921	0	
0	0	0	0	0.231028	0	
0	0	0	0	0.229074	0	
0	0	0	0	0.227061	0	
0	0	0	0	0.224988	0	
0	0	0	0	0.222854	0	
0	0	0	0	0.22066	0	
0	0	0	0	0.218407	0	
0	0	0	0	0.216093	0	
0	0	0	0	0.213719	0	
0	0	0	0	0.211285	0	
0	0	0	0	0.20879	0	
0	0	0	0	0.206236	0	
0	0	0	0	0.203622	0	
0	0	0	0	0.200947	0	
0	0	0	0	0.198213	0	
0	0	0	0	0.195418	0	
0	0	0	0	0.192563	0	
0	0	0	0	0.189648	0	
0	0	0	0	0.186673	0	
0	0	0	0	0.183638	0	
0	0	0	0	0.180543	0	
0	0	0	0	0.177388	0	
0	0	0	0	0.174172	0	
0	0	0	0	0.170897	0	
0	0	0	0	0.167561	0	
0	0	0	0	0.164166	0	
0	0	0	0	0.16071	0	
0	0	0	0	0.157194	0	
0	0	0	0	0.153618	0	
0	0	0	0	0.149982	0	
0	0	0	0	0.146286	0	
0	0	0	0	0.142529	0	
0	0	0	0	0.138713	0	
0	0	0	0	0.134836	0	
0	0	0	0	0.1309	0	
0	0	0	0	0.126933	0	
0	0	0	0	0.122966	0	
0	0	0	0	0.119	0	
0	0	0	0	0.115033	0	
0	0	0	0	0.111066	0	
0	0	0	0	0.1071	0	
0	0	0	0	0.103133	0	
0	0	0	0	0.0991664	0	
0	0	0	0	0.0951998	0	
0	0	0	0	0.0912331	0	
0	0	0	0	0.0872665	0	
0	0	0	0	0.0832998	0	
0	0	0	0	0.0793331	0	
0	0	0	0	0.0753665	0	
0	0	0	0	0.0713998	0	
0	0	0	0	0.0674332	0	
0	0	0	0	0.0634665	0	
0	0	0	0	0.0594999	0	
0	0	0	0	0.0555332	0	
0	0	0	0	0.0515665	0	
0	0	0	0	0.0475999	0	
0	0	0	0	0.0436332	0	
0	0	0	0	0.0396666	0	
0	0	0	0	0.0356999	0	
0	0	0	0	0.0317333	0	
0	0	0	0	0.0277666	0	
0	0	0	0	0.0237999	0	
0	0	0	0	0.0198333	0	
0	0	0	0	0.0158666	0	
0	0	0	0	0.0119	0	
0	0	0	0	0.00793331	0	
0	0	0	0	0.00396666	0	
0	0	0	0	0	0	
0	0	0	0	-0.00396666	0	
0	0	0	0	-0.00793331	0	
0	0	0	0	-0.0119	0	
0	0	0	0	-0.0158666	0	
0	0	0	0	-0.0198333	0	
0	0	0	0	-0.0237999	0	
0	0	0	0	-0.0277666	0	
0	0	0	0	-0.0317333	0	
0	0	0	0	-0.0356999	0	
0	0	0	0	-0.0396666	0	
0	0	0	0	-0.0436332	0	
0	0	0	0	-0.0475999	0	
0	0	0	0	-0.0515665	0	
0	0	0	0	-0.0555332	0	
0	0	0	0	-0.0594999	0	
0	0	0	0	-0.0634665	0	
0	0	0	0	-0.0674332	0	
0	0	0	0	-0.0713998	0	
0	0	0	0	-0.0753665	0	
0	0	0	0	-0.0793331	0	
0	0	0	0	-0.0832998	0	
0	0	0	0	-0.0872665	0	
0	0	0	0	-0.0912331	0	
0	0	0	0	-0.0951998	0	
0	0	0	0	-0.0991664	0	
0	0	0	0	-0.103133	0	
0	0	0	0	-0.1071	0	
0	0	0	0	-0.111066	0	
0	0	0	0	-0.115033	0	
0	0	0	0	-0.119	0	
0	0	0	0	-0.122966	0	
0	0	0	0	-0.126933	0	
0	0	0	0	-0.1309	0	
0	0	0	0	-0.134836	0	
0	0	0	0	-0.138713	0	
0	0	0	0	-0.142529	0	
0	0	0	0	-0.146286	0	
0	0	0	0	-0.149982	0	
0	0	0	0	-0.153618	0	
0	0	0	0	-0.157194	0	
0	0	0	0	-0.16071	0	
0	0	0	0	-0.164166	0	
0	0	0	0	-0.167561	0	
0	0	0	0	-0.170897	0	
0	0	0	0	-0.174172	0	
0	0	0	0	-0.177388	0	
0	0	0	0	-0.180543	0	
0	0	0	0	-0.183638	0	
0	0	0	0	-0.186673	0	
0	0	0	0	-0.189648	0	
0	0	0	0	-0.192563	0	
0	0	0	0	-0.195418	0	
0	0	0	0	-0.198213	0	
0	0	0	0	-0.200947	0	
0	0	0	0	-0.203622	0	
0	0	0	0	-0.206236	0	
0	0	0	0	-0.20879	0	
0	0	0	0	-0.211285	0	
0	0	0	0	-0.213719	0	
0	0	0	0	-0.216093	0	
0	0	0	0	-0.218407	0	
0	0	0	0	-0.22066	0	
0	0	0	0	-0.222854	0	
0	0	0	0	-0.224988	0	
0	0	0	0	-0.227061	0	
0	0	0	0	-0.229074	0	
0	0	0	0	-0.231028	0	
0	0	0	0	-0.232921	0	
0	0	0	0	-0.234754	0	
0	0	0	0	-0.236527	0	
0	0	0	0	-0.23824	0	
0	0	0	0	-0.239893	0	
0	0	0	0	-0.241485	0	
0	0	0	0	-0.243018	0	
0	0	0	0	-0.24449	0	
0	0	0	0	-0.245903	0	
0	0	0	0	-0.247255	0	
0	0	0	0	-0.248547	0	
0	0	0	0	-0.249779	0	
0	0	0	0	-0.250951	0	
0	0	0	0	-0.252063	0	
0	0	0	0	-0.253115	0	
0	0	0	0	-0.254106	0	
0	0	0	0	-0.255038	0	
0	0	0	0	-0.25591	0	
0	0	0	0	-0.256721	0	
0	0	0	0	-0.257472	0	
0	0	0	0	-0.258163	0	
0	0	0	0	-0.258794	0	
0	0	0	0	-0.259365	0	
0	0	0	0	-0.259876	0	
0	0	0	0	-0.260327	0	
0	0	0	0	-0.260718	0	
0	0	0	0	-0.261048	0	
0	0	0	0	-0.261319	0	
0	0	0	0	-0.261529	0	
0	0	0	0	-0.261679	0	
0	0	0	0	-0.261769	0	
0	0	0	0	-0.261769	0	
0	0	0	0	-0.261799	0	
0	0	0	0	-0.261739	0	
0	0	0	0	-0.261559	0	
0	0	0	0	-0.261258	0	
0	0	0	0	-0.260838	0	
0	0	0	0	-0.260297	0	
0	0	0	0	-0.259636	0	
0	0	0	0	-0.258854	0	
0	0	0	0	-0.257953	0	
0	0	0	0	-0.256931	0	
0	0	0	0	-0.255789	0	
0	0	0	0	-0.254527	0	
0	0	0	0	-0.253145	0	
0	0	0	0	-0.251642	0	
0	0	0	0	-0.25002	0	
0	0	0	0	-0.248277	0	
0	0	0	0	-0.246414	0	
0	0	0	0	-0.24443	0	
0	0	0	0	-0.242327	0	
0	0	0	0	-0.240103	0	
0	0	0	0	-0.237759	0	
0	0	0	0	-0.235295	0	
0	0	0	0	-0.232711	0	
0	0	0	0	-0.230006	0	
0	0	0	0	-0.227181	0	
0	0	0	0	-0.224236	0	
0	0	0	0	-0.221171	0	
0	0	0	0	-0.217986	0	
0	0	0	0	-0.21468	0	
0	0	0	0	-0.211255	0	
0	0	0	0	-0.207709	0	
0	0	0	0	-0.204042	0	
0	0	0	0	-0.200256	0	
0	0	0	0	-0.19635	0	
0	0	0	0	-0.192383	0	
0	0	0	0	-0.188416	0	
0	0	0	0	-0.18445	0	
0	0	0	0	-0.180483	0	
0	0	0	0	-0.176516	0	
0	0	0	0	-0.17255	0	
0	0	0	0	-0.168583	0	
0	0	0	0	-0.164616	0	
0	0	0	0	-0.16065	0	
0	0	0	0	-0.156683	0	
0	0	0	0	-0.152716	0	
0	0	0	0	-0.14875	0	
0	0	0	0	-0.144783	0	
0	0	0	0	-0.140816	0	
0	0	0	0	-0.13685	0	
0	0	0	0	-0.132883	0	
0	0	0	0	-0.128916	0	
0	0	0	0	-0.12495	0	
0	0	0	0	-0.120983	0	
0	0	0	0	-0.117016	0	
0	0	0	0	-0.11305	0	
0	0	0	0	-0.109083	0	
0	0	0	0	-0.105116	0	
0	0	0	0	-0.10115	0	
0	0	0	0	-0.0971831	0	
0	0	0	0	-0.0932164	0	
0	0	0	0	-0.0892498	0	
0	0	0	0	-0.0852831	0	
0	0	0	0	-0.0813165	0	
0	0	0	0	-0.0773498	0	
0	0	0	0	-0.0733832	0	
0	0	0	0	-0.0694165	0	
0	0	0	0	-0.0654498	0	
0	0	0	0	-0.0615433	0	
0	0	0	0	-0.0577569	0	
0	0	0	0	-0.0540908	0	
0	0	0	0	-0.0505448	0	
0	0	0	0	-0.0471191	0	
0	0	0	0	-0.0438135	0	
0	0	0	0	-0.0406282	0	
0	0	0	0	-0.037563	0	
0	0	0	0	-0.0346181	0	
0	0	0	0	-0.0317934	0	
0	0	0	0	-0.0290888	0	
0	0	0	0	-0.0265045	0	
0	0	0	0	-0.0240403	0	
0	0	0	0	-0.0216964	0	
0	0	0	0	-0.0194727	0	
0	0	0	0	-0.0173692	0	
0	0	0	0	-0.0153858	0	
0	0	0	0	-0.0135227	0	
0	0	0	0	-0.0117798	0	
0	0	0	0	-0.010157	0	
0	0	0	0	-0.00865453	0	
0	0	0	0	-0.00727221	0	
0	0	0	0	-0.00601009	0	
0	0	0	0	-0.00486817	0	
0	0	0	0	-0.00384646	0	
0	0	0	0	-0.00294494	0	
0	0	0	0	-0.00216363	0	
0	0	0	0	-0.00150252	0	
0	0	0	0	-0.000961614	0	
0	0	0	0	-0.000540908	0	
0	0	0	0	-0.000240403	0	
0	0	0	0	-6.01009e-005	0	
0	0	0	0	-6.01009e-005	0	
0	0	0	0	0	0	
0	0	0	0	0	4.00672e-005	
0	0	0	0	0	0.000160269	
0	0	0	0	0	0.000360605	
0	0	0	0	0	0.000641076	
0	0	0	0	0	0.00100168	
0	0	0	0	0	0.00144242	
0	0	0	0	0	0.0019633	
0	0	0	0	0	0.0025643	
0	0	0	0	0	0.00324545	
0	0	0	0	0	0.00400672	
0	0	0	0	0	0.00484814	
0	0	0	0	0	0.00576968	
0	0	0	0	0	0.00677136	
0	0	0	0	0	0.00785318	
0	0	0	0	0	0.00901513	
0	0	0	0	0	0.0102572	
0	0	0	0	0	0.0115794	
0	0	0	0	0	0.0129818	
0	0	0	0	0	0.0144643	
0	0	0	0	0	0.0160269	
0	0	0	0	0	0.0176697	
0	0	0	0	0	0.0193925	
0	0	0	0	0	0.0211956	
0	0	0	0	0	0.0230787	
0	0	0	0	0	0.025042	
0	0	0	0	0	0.0270855	
0	0	0	0	0	0.029209	
0	0	0	0	0	0.0314127	
0	0	0	0	0	0.0336966	
0	0	0	0	0	0.0360605	
0	0	0	0	0	0.0385046	
0	0	0	0	0	0.0410289	
0	0	0	0	0	0.0436332	
0	0	0	0	0	0.0462777	
0	0	0	0	0	0.0489221	
0	0	0	0	0	0.0515665	
0	0	0	0	0	0.054211	
0	0	0	0	0	0.0568554	
0	0	0	0	0	0.0594999	
0	0	0	0	0	0.0621443	
0	0	0	0	0	0.0647887	
0	0	0	0	0	0.0674332	
0	0	0	0	0	0.0700776	
0	0	0	0	0	0.072722	
0	0	0	0	0	0.0753665	
0	0	0	0	0	0.0780109	
0	0	0	0	0	0.0806554	
0	0	0	0	0	0.0832998	
0	0	0	0	0	0.0859442	
0	0	0	0	0	0.0885887	
0	0	0	0	0	0.0912331	
0	0	0	0	0	0.0938776	
0	0	0	0	0	0.096522	
0	0	0	0	0	0.0991664	
0	0	0	0	0	0.101811	
0	0	0	0	0	0.104455	
0	0	0	0	0	0.1071	
0	0	0	0	0	0.109744	
0	0	0	0	0	0.112389	
0	0	0	0	0	0.115033	
0	0	0	0	0	0.117678	
0	0	0	0	0	0.120322	
0	0	0	0	0	0.122966	
0	0	0	0	0	0.125611	
0	0	0	0	0	0.128255	
0	0	0	0	0	0.1309	
0	0	0	0	0	0.133504	
0	0	0	0	0	0.136028	
0	0	0	0	0	0.138472	
0	0	0	0	0	0.140836	
0	0	0	0	0	0.14312	
0	0	0	0	0	0.145324	
0	0	0	0	0	0.147447	
0	0	0	0	0	0.149491	
0	0	0	0	0	0.151454	
0	0	0	0	0	0.153337	
0	0	0	0	0	0.15514	
0	0	0	0	0	0.156863	
0	0	0	0	0	0.158506	
0	0	0	0	0	0.160069	
0	0	0	0	0	0.161551	
0	0	0	0	0	0.162953	
0	0	0	0	0	0.164276	
0	0	0	0	0	0.165518	
0	0	0	0	0	0.16668	
0	0	0	0	0	0.167762	
0	0	0	0	0	0.168763	
0	0	0	0	0	0.169685	
0	0	0	0	0	0.170526	
0	0	0	0	0	0.171287	
0	0	0	0	0	0.171969	
0	0	0	0	0	0.17257	
0	0	0	0	0	0.173091	
0	0	0	0	0	0.173531	
0	0	0	0	0	0.173892	
0	0	0	0	0	0.174172	
0	0	0	0	0	0.174373	
0	0	0	0	0	0.174493	
0	0	0	0	0	0.174493	
0	0	0	0	0	0.174533	
0	0	0	0	0	0.174513	
0	0	0	0	0	0.174453	
0	0	0	0	0	0.174353	
0	0	0	0	0	0.174212	
0	0	0	0	0	0.174032	
0	0	0	0	0	0.173812	
0	0	0	0	0	0.173551	
0	0	0	0	0	0.173251	
0	0	0	0	0	0.17291	
0	0	0	0	0	0.17253	
0	0	0	0	0	0.172109	
0	0	0	0	0	0.171648	
0	0	0	0	0	0.171147	
0	0	0	0	0	0.170606	
0	0	0	0	0	0.170025	
0	0	0	0	0	0.169404	
0	0	0	0	0	0.168743	
0	0	0	0	0	0.168042	
0	0	0	0	0	0.167301	
0	0	0	0	0	0.166519	
0	0	0	0	0	0.165698	
0	0	0	0	0	0.164837	
0	0	0	0	0	0.163935	
0	0	0	0	0	0.162994	
0	0	0	0	0	0.162012	
0	0	0	0	0	0.16099	
0	0	0	0	0	0.159928	
0	0	0	0	0	0.158827	
0	0	0	0	0	0.157685	
0	0	0	0	0	0.156503	
0	0	0	0	0	0.155281	
0	0	0	0	0	0.154018	
0	0	0	0	0	0.152716	
0	0	0	0	0	0.151374	
0	0	0	0	0	0.149992	
0	0	0	0	0	0.148569	
0	0	0	0	0	0.147107	
0	0	0	0	0	0.145604	
0	0	0	0	0	0.144062	
0	0	0	0	0	0.142479	
0	0	0	0	0	0.140856	
0	0	0	0	0	0.139194	
0	0	0	0	0	0.137491	
0	0	0	0	0	0.135748	
0	0	0	0	0	0.133965	
0	0	0	0	0	0.132142	
0	0	0	0	0	0.130279	
0	0	0	0	0	0.128375	
0	0	0	0	0	0.126432	
0	0	0	0	0	0.124449	
0	0	0	0	0	0.122425	
0	0	0	0	0	0.120362	
0	0	0	0	0	0.118258	
0	0	0	0	0	0.116115	
0	0	0	0	0	0.113931	
0	0	0	0	0	0.111707	
0	0	0	0	0	0.109444	
0	0	0	0	0	0.10714	
0	0	0	0	0	0.104796	
0	0	0	0	0	0.102412	
0	0	0	0	0	0.0999878	
0	0	0	0	0	0.0975237	
0	0	0	0	0	0.0950195	
0	0	0	0	0	0.0924752	
0	0	0	0	0	0.0898909	
0	0	0	0	0	0.0872665	
0	0	0	0	0	0.084622	
0	0	0	0	0	0.0819776	
0	0	0	0	0	0.0793331	
0	0	0	0	0	0.0766887	
0	0	0	0	0	0.0740443	
0	0	0	0	0	0.0713998	
0	0	0	0	0	0.0687554	
0	0	0	0	0	0.066111	
0	0	0	0	0	0.0634665	
0	0	0	0	0	0.0608221	
0	0	0	0	0	0.0581776	
0	0	0	0	0	0.0555332	
0	0	0	0	0	0.0528888	
0	0	0	0	0	0.0502443	
0	0	0	0	0	0.0475999	
0	0	0	0	0	0.0449554	
0	0	0	0	0	0.042311	
0	0	0	0	0	0.0396666	
0	0	0	0	0	0.0370221	
0	0	0	0	0	0.0343777	
0	0	0	0	0	0.0317333	
0	0	0	0	0	0.0290888	
0	0	0	0	0	0.0264444	
0	0	0	0	0	0.0237999	
0	0	0	0	0	0.0211555	
0	0	0	0	0	0.0185111	
0	0	0	0	0	0.0158666	
0	0	0	0	0	0.0132222	
0	0	0	0	0	0.0105778	
0	0	0	0	0	0.00793331	
0	0	0	0	0	0.00528888	
0	0	0	0	0	0.00264444	
0	0	0	0	0	0	
0	0	0	0	0	-0.00264444	
0	0	0	0	0	-0.00528888	
0	0	0	0	0	-0.00793331	
0	0	0	0	0	-0.0105778	
0	0	0	0	0	-0.0132222	
0	0	0	0	0	-0.0158666	
0	0	0	0	0	-0.0185111	
0	0	0	0	0	-0.0211555	
0	0	0	0	0	-0.0237999	
0	0	0	0	0	-0.0264444	
0	0	0	0	0	-0.0290888	
0	0	0	0	0	-0.0317333	
0	0	0	0	0	-0.0343777	
0	0	0	0	0	-0.0370221	
0	0	0	0	0	-0.0396666	
0	0	0	0	0	-0.042311	
0	0	0	0	0	-0.0449554	
0	0	0	0	0	-0.0475999	
0	0	0	0	0	-0.0502443	
0	0	0	0	0	-0.0528888	
0	0	0	0	0	-0.0555332	
0	0	0	0	0	-0.0581776	
0	0	0	0	0	-0.0608221	
0	0	0	0	0	-0.0634665	
0	0	0	0	0	-0.066111	
0	0	0	0	0	-0.0687554	
0	0	0	0	0	-0.0713998	
0	0	0	0	0	-0.0740443	
0	0	0	0	0	-0.0766887	
0	0	0	0	0	-0.0793331	
0	0	0	0	0	-0.0819776	
0	0	0	0	0	-0.084622	
0	0	0	0	0	-0.0872665	
0	0	0	0	0	-0.0898909	
0	0	0	0	0	-0.0924752	
0	0	0	0	0	-0.0950195	
0	0	0	0	0	-0.0975237	
0	0	0	0	0	-0.0999878	
0	0	0	0	0	-0.102412	
0	0	0	0	0	-0.104796	
0	0	0	0	0	-0.10714	
0	0	0	0	0	-0.109444	
0	0	0	0	0	-0.111707	
0	0	0	0	0	-0.113931	
0	0	0	0	0	-0.116115	
0	0	0	0	0	-0.118258	
0	0	0	0	0	-0.120362	
0	0	0	0	0	-0.122425	
0	0	0	0	0	-0.124449	
0	0	0	0	0	-0.126432	
0	0	0	0	0	-0.128375	
0	0	0	0	0	-0.130279	
0	0	0	0	0	-0.132142	
0	0	0	0	0	-0.133965	
0	0	0	0	0	-0.135748	
0	0	0	0	0	-0.137491	
0	0	0	0	0	-0.139194	
0	0	0	0	0	-0.140856	
0	0	0	0	0	-0.142479	
0	0	0	0	0	-0.144062	
0	0	0	0	0	-0.145604	
0	0	0	0	0	-0.147107	
0	0	0	0	0	-0.148569	
0	0	0	0	0	-0.149992	
0	0	0	0	0	-0.151374	
0	0	0	0	0	-0.152716	
0	0	0	0	0	-0.154018	
0	0	0	0	0	-0.155281	
0	0	0	0	0	-0.156503	
0	0	0	0	0	-0.157685	
0	0	0	0	0	-0.158827	
0	0	0	0	0	-0.159928	
0	0	0	0	0	-0.16099	
0	0	0	0	0	-0.162012	
0	0	0	0	0	-0.162994	
0	0	0	0	0	-0.163935	
0	0	0	0	0	-0.164837	
0	0	0	0	0	-0.165698	
0	0	0	0	0	-0.166519	
0	0	0	0	0	-0.167301	
0	0	0	0	0	-0.168042	
0	0	0	0	0	-0.168743	
0	0	0	0	0	-0.169404	
0	0	0	0	0	-0.170025	
0	0	0	0	0	-0.170606	
0	0	0	0	0	-0.171147	
0	0	0	0	0	-0.171648	
0	0	0	0	0	-0.172109	
0	0	0	0	0	-0.17253	
0	0	0	0	0	-0.17291	
0	0	0	0	0	-0.173251	
0	0	0	0	0	-0.173551	
0	0	0	0	0	-0.173812	
0	0	0	0	0	-0.174032	
0	0	0	0	0	-0.174212	
0	0	0	0	0	-0.174353	
0	0	0	0	0	-0.174453	
0	0	0	0	0	-0.174513	
0	0	0	0	0	-0.174513	
0	0	0	0	0	-0.174533	
0	0	0	0	0	-0.174513	
0	0	0	0	0	-0.174453	
0	0	0	0	0	-0.174353	
0	0	0	0	0	-0.174212	
0	0	0	0	0	-0.174032	
0	0	0	0	0	-0.173812	
0	0	0	0	0	-0.173551	
0	0	0	0	0	-0.173251	
0	0	0	0	0	-0.17291	
0	0	0	0	0	-0.17253	
0	0	0	0	0	-0.172109	
0	0	0	0	0	-0.171648	
0	0	0	0	0	-0.171147	
0	0	0	0	0	-0.170606	
0	0	0	0	0	-0.170025	
0	0	0	0	0	-0.169404	
0	0	0	0	0	-0.168743	
0	0	0	0	0	-0.168042	
0	0	0	0	0	-0.167301	
0	0	0	0	0	-0.166519	
0	0	0	0	0	-0.165698	
0	0	0	0	0	-0.164837	
0	0	0	0	0	-0.163935	
0	0	0	0	0	-0.162994	
0	0	0	0	0	-0.162012	
0	0	0	0	0	-0.16099	
0	0	0	0	0	-0.159928	
0	0	0	0	0	-0.158827	
0	0	0	0	0	-0.157685	
0	0	0	0	0	-0.156503	
0	0	0	0	0	-0.155281	
0	0	0	0	0	-0.154018	
0	0	0	0	0	-0.152716	
0	0	0	0	0	-0.151374	
0	0	0	0	0	-0.149992	
0	0	0	0	0	-0.148569	
0	0	0	0	0	-0.147107	
0	0	0	0	0	-0.145604	
0	0	0	0	0	-0.144062	
0	0	0	0	0	-0.142479	
0	0	0	0	0	-0.140856	
0	0	0	0	0	-0.139194	
0	0	0	0	0	-0.137491	
0	0	0	0	0	-0.135748	
0	0	0	0	0	-0.133965	
0	0	0	0	0	-0.132142	
0	0	0	0	0	-0.130279	
0	0	0	0	0	-0.128375	
0	0	0	0	0	-0.126432	
0	0	0	0	0	-0.124449	
0	0	0	0	0	-0.122425	
0	0	0	0	0	-0.120362	
0	0	0	0	0	-0.118258	
0	0	0	0	0	-0.116115	
0	0	0	0	0	-0.113931	
0	0	0	0	0	-0.111707	
0	0	0	0	0	-0.109444	
0	0	0	0	0	-0.10714	
0	0	0	0	0	-0.104796	
0	0	0	0	0	-0.102412	
0	0	0	0	0	-0.0999878	
0	0	0	0	0	-0.0975237	
0	0	0	0	0	-0.0950195	
0	0	0	0	0	-0.0924752	
0	0	0	0	0	-0.0898909	
0	0	0	0	0	-0.0872665	
0	0	0	0	0	-0.084622	
0	0	0	0	0	-0.0819776	
0	0	0	0	0	-0.0793331	
0	0	0	0	0	-0.0766887	
0	0	0	0	0	-0.0740443	
0	0	0	0	0	-0.0713998	
0	0	0	0	0	-0.0687554	
0	0	0	0	0	-0.066111	
0	0	0	0	0	-0.0634665	
0	0	0	0	0	-0.0608221	
0	0	0	0	0	-0.0581776	
0	0	0	0	0	-0.0555332	
0	0	0	0	0	-0.0528888	
0	0	0	0	0	-0.0502443	
0	0	0	0	0	-0.0475999	
0	0	0	0	0	-0.0449554	
0	0	0	0	0	-0.042311	
0	0	0	0	0	-0.0396666	
0	0	0	0	0	-0.0370221	
0	0	0	0	0	-0.0343777	
0	0	0	0	0	-0.0317333	
0	0	0	0	0	-0.0290888	
0	0	0	0	0	-0.0264444	
0	0	0	0	0	-0.0237999	
0	0	0	0	0	-0.0211555	
0	0	0	0	0	-0.0185111	
0	0	0	0	0	-0.0158666	
0	0	0	0	0	-0.0132222	
0	0	0	0	0	-0.0105778	
0	0	0	0	0	-0.00793331	
0	0	0	0	0	-0.00528888	
0	0	0	0	0	-0.00264444	
0	0	0	0	0	0	
0	0	0	0	0	0.00264444	
0	0	0	0	0	0.00528888	
0	0	0	0	0	0.00793331	
0	0	0	0	0	0.0105778	
0	0	0	0	0	0.0132222	
0	0	0	0	0	0.0158666	
0	0	0	0	0	0.0185111	
0	0	0	0	0	0.0211555	
0	0	0	0	0	0.0237999	
0	0	0	0	0	0.0264444	
0	0	0	0	0	0.0290888	
0	0	0	0	0	0.0317333	
0	0	0	0	0	0.0343777	
0	0	0	0	0	0.0370221	
0	0	0	0	0	0.0396666	
0	0	0	0	0	0.042311	
0	0	0	0	0	0.0449554	
0	0	0	0	0	0.0475999	
0	0	0	0	0	0.0502443	
0	0	0	0	0	0.0528888	
0	0	0	0	0	0.0555332	
0	0	0	0	0	0.0581776	
0	0	0	0	0	0.0608221	
0	0	0	0	0	0.0634665	
0	0	0	0	0	0.066111	
0	0	0	0	0	0.0687554	
0	0	0	0	0	0.0713998	
0	0	0	0	0	0.0740443	
0	0	0	0	0	0.0766887	
0	0	0	0	0	0.0793331	
0	0	0	0	0	0.0819776	
0	0	0	0	0	0.084622	
0	0	0	0	0	0.0872665	
0	0	0	0	0	0.0898909	
0	0	0	0	0	0.0924752	
0	0	0	0	0	0.0950195	
0	0	0	0	0	0.0975237	
0	0	0	0	0	0.0999878	
0	0	0	0	0	0.102412	
0	0	0	0	0	0.104796	
0	0	0	0	0	0.10714	
0	0	0	0	0	0.109444	
0	0	0	0	0	0.111707	
0	0	0	0	0	0.113931	
0	0	0	0	0	0.116115	
0	0	0	0	0	0.118258	
0	0	0	0	0	0.120362	
0	0	0	0	0	0.122425	
0	0	0	0	0	0.124449	
0	0	0	0	0	0.126432	
0	0	0	0	0	0.128375	
0	0	0	0	0	0.130279	
0	0	0	0	0	0.132142	
0	0	0	0	0	0.133965	
0	0	0	0	0	0.135748	
0	0	0	0	0	0.137491	
0	0	0	0	0	0.139194	
0	0	0	0	0	0.140856	
0	0	0	0	0	0.142479	
0	0	0	0	0	0.144062	
0	0	0	0	0	0.145604	
0	0	0	0	0	0.147107	
0	0	0	0	0	0.148569	
0	0	0	0	0	0.149992	
0	0	0	0	0	0.151374	
0	0	0	0	0	0.152716	
0	0	0	0	0	0.154018	
0	0	0	0	0	0.155281	
0	0	0	0	0	0.156503	
0	0	0	0	0	0.157685	
0	0	0	0	0	0.158827	
0	0	0	0	0	0.159928	
0	0	0	0	0	0.16099	
0	0	0	0	0	0.162012	
0	0	0	0	0	0.162994	
0	0	0	0	0	0.163935	
0	0	0	0	0	0.164837	
0	0	0	0	0	0.165698	
0	0	0	0	0	0.166519	
0	0	0	0	0	0.167301	
0	0	0	0	0	0.168042	
0	0	0	0	0	0.168743	
0	0	0	0	0	0.169404	
0	0	0	0	0	0.170025	
0	0	0	0	0	0.170606	
0	0	0	0	0	0.171147	
0	0	0	0	0	0.171648	
0	0	0	0	0	0.172109	
0	0	0	0	0	0.17253	
0	0	0	0	0	0.17291	
0	0	0	0	0	0.173251	
0	0	0	0	0	0.173551	
0	0	0	0	0	0.173812	
0	0	0	0	0	0.174032	
0	0	0	0	0	0.174212	
0	0	0	0	0	0.174353	
0	0	0	0	0	0.174453	
0	0	0	0	0	0.174513	
0	0	0	0	0	0.174513	
0	0	0	0	0	0.174533	
0	0	0	0	0	0.174513	
0	0	0	0	0	0.174453	
0	0	0	0	0	0.174353	
0	0	0	0	0	0.174212	
0	0	0	0	0	0.174032	
0	0	0	0	0	0.173812	
0	0	0	0	0	0.173551	
0	0	0	0	0	0.173251	
0	0	0	0	0	0.17291	
0	0	0	0	0	0.17253	
0	0	0	0	0	0.172109	
0	0	0	0	0	0.171648	
0	0	0	0	0	0.171147	
0	0	0	0	0	0.170606	
0	0	0	0	0	0.170025	
0	0	0	0	0	0.169404	
0	0	0	0	0	0.168743	
0	0	0	0	0	0.168042	
0	0	0	0	0	0.167301	
0	0	0	0	0	0.166519	
0	0	0	0	0	0.165698	
0	0	0	0	0	0.164837	
0	0	0	0	0	0.163935	
0	0	0	0	0	0.162994	
0	0	0	0	0	0.162012	
0	0	0	0	0	0.16099	
0	0	0	0	0	0.159928	
0	0	0	0	0	0.158827	
0	0	0	0	0	0.157685	
0	0	0	0	0	0.156503	
0	0	0	0	0	0.155281	
0	0	0	0	0	0.154018	
0	0	0	0	0	0.152716	
0	0	0	0	0	0.151374	
0	0	0	0	0	0.149992	
0	0	0	0	0	0.148569	
0	0	0	0	0	0.147107	
0	0	0	0	0	0.145604	
0	0	0	0	0	0.144062	
0	0	0	0	0	0.142479	
0	0	0	0	0	0.140856	
0	0	0	0	0	0.139194	
0	0	0	0	0	0.137491	
0	0	0	0	0	0.135748	
0	0	0	0	0	0.133965	
0	0	0	0	0	0.132142	
0	0	0	0	0	0.130279	
0	0	0	0	0	0.128375	
0	0	0	0	0	0.126432	
0	0	0	0	0	0.124449	
0	0	0	0	0	0.122425	
0	0	0	0	0	0.120362	
0	0	0	0	0	0.118258	
0	0	0	0	0	0.116115	
0	0	0	0	0	0.113931	
0	0	0	0	0	0.111707	
0	0	0	0	0	0.109444	
0	0	0	0	0	0.10714	
0	0	0	0	0	0.104796	
0	0	0	0	0	0.102412	
0	0	0	0	0	0.0999878	
0	0	0	0	0	0.0975237	
0	0	0	0	0	0.0950195	
0	0	0	0	0	0.0924752	
0	0	0	0	0	0.0898909	
0	0	0	0	0	0.0872665	
0	0	0	0	0	0.084622	
0	0	0	0	0	0.0819776	
0	0	0	0	0	0.0793331	
0	0	0	0	0	0.0766887	
0	0	0	0	0	0.0740443	
0	0	0	0	0	0.0713998	
0	0	0	0	0	0.0687554	
0	0	0	0	0	0.066111	
0	0	0	0	0	0.0634665	
0	0	0	0	0	0.0608221	
0	0	0	0	0	0.0581776	
0	0	0	0	0	0.0555332	
0	0	0	0	0	0.0528888	
0	0	0	0	0	0.0502443	
0	0	0	0	0	0.0475999	
0	0	0	0	0	0.0449554	
0	0	0	0	0	0.042311	
0	0	0	0	0	0.0396666	
0	0	0	0	0	0.0370221	
0	0	0	0	0	0.0343777	
0	0	0	0	0	0.0317333	
0	0	0	0	0	0.0290888	
0	0	0	0	0	0.0264444	
0	0	0	0	0	0.0237999	
0	0	0	0	0	0.0211555	
0	0	0	0	0	0.0185111	
0	0	0	0	0	0.0158666	
0	0	0	0	0	0.0132222	
0	0	0	0	0	0.0105778	
0	0	0	0	0	0.00793331	
0	0	0	0	0	0.00528888	
0	0	0	0	0	0.00264444	
0	0	0	0	0	0	
0	0	0	0	0	-0.00264444	
0	0	0	0	0	-0.00528888	
0	0	0	0	0	-0.00793331	
0	0	0	0	0	-0.0105778	
0	0	0	0	0	-0.0132222	
0	0	0	0	0	-0.0158666	
0	0	0	0	0	-0.0185111	
0	0	0	0	0	-0.0211555	
0	0	0	0	0	-0.0237999	
0	0	0	0	0	-0.0264444	
0	0	0	0	0	-0.0290888	
0	0	0	0	0	-0.0317333	
0	0	0	0	0	-0.0343777	
0	0	0	0	0	-0.0370221	
0	0	0	0	0	-0.0396666	
0	0	0	0	0	-0.042311	
0	0	0	0	0	-0.0449554	
0	0	0	0	0	-0.0475999	
0	0	0	0	0	-0.0502443	
0	0	0	0	0	-0.0528888	
0	0	0	0	0	-0.0555332	
0	0	0	0	0	-0.0581776	
0	0	0	0	0	-0.0608221	
0	0	0	0	0	-0.0634665	
0	0	0	0	0	-0.066111	
0	0	0	0	0	-0.0687554	
0	0	0	0	0	-0.0713998	
0	0	0	0	0	-0.0740443	
0	0	0	0	0	-0.0766887	
0	0	0	0	0	-0.0793331	
0	0	0	0	0	-0.0819776	
0	0	0	0	0	-0.084622	
0	0	0	0	0	-0.0872665	
0	0	0	0	0	-0.0898909	
0	0	0	0	0	-0.0924752	
0	0	0	0	0	-0.0950195	
0	0	0	0	0	-0.0975237	
0	0	0	0	0	-0.0999878	
0	0	0	0	0	-0.102412	
0	0	0	0	0	-0.104796	
0	0	0	0	0	-0.10714	
0	0	0	0	0	-0.109444	
0	0	0	0	0	-0.111707	
0	0	0	0	0	-0.113931	
0	0	0	0	0	-0.116115	
0	0	0	0	0	-0.118258	
0	0	0	0	0	-0.120362	
0	0	0	0	0	-0.122425	
0	0	0	0	0	-0.124449	
0	0	0	0	0	-0.126432	
0	0	0	0	0	-0.128375	
0	0	0	0	0	-0.130279	
0	0	0	0	0	-0.132142	
0	0	0	0	0	-0.133965	
0	0	0	0	0	-0.135748	
0	0	0	0	0	-0.137491	
0	0	0	0	0	-0.139194	
0	0	0	0	0	-0.140856	
0	0	0	0	0	-0.142479	
0	0	0	0	0	-0.144062	
0	0	0	0	0	-0.145604	
0	0	0	0	0	-0.147107	
0	0	0	0	0	-0.148569	
0	0	0	0	0	-0.149992	
0	0	0	0	0	-0.151374	
0	0	0	0	0	-0.152716	
0	0	0	0	0	-0.154018	
0	0	0	0	0	-0.155281	
0	0	0	0	0	-0.156503	
0	0	0	0	0	-0.157685	
0	0	0	0	0	-0.158827	
0	0	0	0	0	-0.159928	
0	0	0	0	0	-0.16099	
0	0	0	0	0	-0.162012	
0	0	0	0	0	-0.162994	
0	0	0	0	0	-0.163935	
0	0	0	0	0	-0.164837	
0	0	0	0	0	-0.165698	
0	0	0	0	0	-0.166519	
0	0	0	0	0	-0.167301	
0	0	0	0	0	-0.168042	
0	0	0	0	0	-0.168743	
0	0	0	0	0	-0.169404	
0	0	0	0	0	-0.170025	
0	0	0	0	0	-0.170606	
0	0	0	0	0	-0.171147	
0	0	0	0	0	-0.171648	
0	0	0	0	0	-0.172109	
0	0	0	0	0	-0.17253	
0	0	0	0	0	-0.17291	
0	0	0	0	0	-0.173251	
0	0	0	0	0	-0.173551	
0	0	0	0	0	-0.173812	
0	0	0	0	0	-0.174032	
0	0	0	0	0	-0.174212	
0	0	0	0	0	-0.174353	
0	0	0	0	0	-0.174453	
0	0	0	0	0	-0.174513	
0	0	0	0	0	-0.174513	
0	0	0	0	0	-0.174533	
0	0	0	0	0	-0.174493	
0	0	0	0	0	-0.174373	
0	0	0	0	0	-0.174172	
0	0	0	0	0	-0.173892	
0	0	0	0	0	-0.173531	
0	0	0	0	0	-0.173091	
0	0	0	0	0	-0.17257	
0	0	0	0	0	-0.171969	
0	0	0	0	0	-0.171287	
0	0	0	0	0	-0.170526	
0	0	0	0	0	-0.169685	
0	0	0	0	0	-0.168763	
0	0	0	0	0	-0.167762	
0	0	0	0	0	-0.16668	
0	0	0	0	0	-0.165518	
0	0	0	0	0	-0.164276	
0	0	0	0	0	-0.162953	
0	0	0	0	0	-0.161551	
0	0	0	0	0	-0.160069	
0	0	0	0	0	-0.158506	
0	0	0	0	0	-0.156863	
0	0	0	0	0	-0.15514	
0	0	0	0	0	-0.153337	
0	0	0	0	0	-0.151454	
0	0	0	0	0	-0.149491	
0	0	0	0	0	-0.147447	
0	0	0	0	0	-0.145324	
0	0	0	0	0	-0.14312	
0	0	0	0	0	-0.140836	
0	0	0	0	0	-0.138472	
0	0	0	0	0	-0.136028	
0	0	0	0	0	-0.133504	
0	0	0	0	0	-0.1309	
0	0	0	0	0	-0.128255	
0	0	0	0	0	-0.125611	
0	0	0	0	0	-0.122966	
0	0	0	0	0	-0.120322	
0	0	0	0	0	-0.117678	
0	0	0	0	0	-0.115033	
0	0	0	0	0	-0.112389	
0	0	0	0	0	-0.109744	
0	0	0	0	0	-0.1071	
0	0	0	0	0	-0.104455	
0	0	0	0	0	-0.101811	
0	0	0	0	0	-0.0991664	
0	0	0	0	0	-0.096522	
0	0	0	0	0	-0.0938776	
0	0	0	0	0	-0.0912331	
0	0	0	0	0	-0.0885887	
0	0	0	0	0	-0.0859442	
0	0	0	0	0	-0.0832998	
0	0	0	0	0	-0.0806554	
0	0	0	0	0	-0.0780109	
0	0	0	0	0	-0.0753665	
0	0	0	0	0	-0.072722	
0	0	0	0	0	-0.0700776	
0	0	0	0	0	-0.0674332	
0	0	0	0	0	-0.0647887	
0	0	0	0	0	-0.0621443	
0	0	0	0	0	-0.0594999	
0	0	0	0	0	-0.0568554	
0	0	0	0	0	-0.054211	
0	0	0	0	0	-0.0515665	
0	0	0	0	0	-0.0489221	
0	0	0	0	0	-0.0462777	
0	0	0	0	0	-0.0436332	
0	0	0	0	0	-0.0410289	
0	0	0	0	0	-0.0385046	
0	0	0	0	0	-0.0360605	
0	0	0	0	0	-0.0336966	
0	0	0	0	0	-0.0314127	
0	0	0	0	0	-0.029209	
0	0	0	0	0	-0.0270855	
0	0	0	0	0	-0.025042	
0	0	0	0	0	-0.0230787	
0	0	0	0	0	-0.0211956	
0	0	0	0	0	-0.0193925	
0	0	0	0	0	-0.0176697	
0	0	0	0	0	-0.0160269	
0	0	0	0	0	-0.0144643	
0	0	0	0	0	-0.0129818	
0	0	0	0	0	-0.0115794	
0	0	0	0	0	-0.0102572	
0	0	0	0	0	-0.00901513	
0	0	0	0	0	-0.00785318	
0	0	0	0	0	-0.00677136	
0	0	0	0	0	-0.00576968	
0	0	0	0	0	-0.00484814	
0	0	0	0	0	-0.00400672	
0	0	0	0	0	-0.00324545	
0	0	0	0	0	-0.0025643	
0	0	0	0	0	-0.0019633	
0	0	0	0	0	-0.00144242	
0	0	0	0	0	-0.00100168	
0	0	0	0	0	-0.000641076	
0	0	0	0	0	-0.000360605	
0	0	0	0	0	-0.000160269	
0	0	0	0	0	-4.00672e-005	
0	0	0	0	0	-4.00672e-005	
